    35     19    4
Wavelength (Angstroms)
  7.450E+02  7.550E+02  7.650E+02  7.750E+02  7.850E+02  7.950E+02  8.050E+02  8.150E+02  8.250E+02  8.350E+02
  8.450E+02  8.550E+02  8.650E+02  8.750E+02  8.850E+02  8.950E+02  9.050E+02  9.150E+02  9.250E+02  9.350E+02
  9.450E+02  9.550E+02  9.650E+02  9.750E+02  9.850E+02  9.950E+02  1.005E+03  1.015E+03  1.025E+03  1.035E+03
  1.045E+03  1.055E+03  1.065E+03  1.075E+03  1.085E+03
CO2         4
Total Absorption Cross Section (cm^2) 
  2.442E-17  5.842E-17  5.191E-17  3.565E-17  3.070E-17  2.253E-17  1.967E-17  1.695E-17  1.415E-17  1.327E-17
  1.500E-17  1.777E-17  1.928E-17  7.314E-18  2.393E-17  4.625E-17  5.623E-17  4.494E-17  4.176E-17  3.962E-17
  2.968E-17  3.683E-17  2.607E-17  1.749E-17  4.496E-17  5.984E-17  5.195E-17  3.055E-17  3.582E-17  3.140E-17
  2.221E-17  1.800E-17  2.156E-17  1.874E-17  4.114E-17
Total Ion Cross Section (cm^2) 
  2.442E-17  5.842E-17  5.127E-17  2.905E-17  2.373E-17  1.624E-17  1.368E-17  1.242E-17  1.155E-17  1.137E-17
  1.252E-17  1.441E-17  1.524E-17  5.368E-18  1.529E-17  2.056E-17  2.070E-18  0.000E+00  0.000E+00  0.000E+00
  0.000E+00  0.000E+00  0.000E+00  0.000E+00  0.000E+00  0.000E+00  0.000E+00  0.000E+00  0.000E+00  0.000E+00
  0.000E+00  0.000E+00  0.000E+00  0.000E+00  0.000E+00
CO2          + hv           = CO2P         + E            +              +             899.9
  9.986E-01  9.990E-01  9.873E-01  8.147E-01  7.730E-01  7.208E-01  6.954E-01  7.328E-01  8.162E-01  8.568E-01
  8.348E-01  8.108E-01  7.906E-01  7.339E-01  6.390E-01  4.446E-01  3.682E-02  0.000E+00  0.000E+00  0.000E+00
  0.000E+00  0.000E+00  0.000E+00  0.000E+00  0.000E+00  0.000E+00  0.000E+00  0.000E+00  0.000E+00  0.000E+00
  0.000E+00  0.000E+00  0.000E+00  0.000E+00  0.000E+00
CO2          + hv           = COP          + O            + E            +             636.1
  1.363E-03  9.687E-04  5.106E-04  0.000E+00  0.000E+00  0.000E+00  0.000E+00  0.000E+00  0.000E+00  0.000E+00
  0.000E+00  0.000E+00  0.000E+00  0.000E+00  0.000E+00  0.000E+00  0.000E+00  0.000E+00  0.000E+00  0.000E+00
  0.000E+00  0.000E+00  0.000E+00  0.000E+00  0.000E+00  0.000E+00  0.000E+00  0.000E+00  0.000E+00  0.000E+00
  0.000E+00  0.000E+00  0.000E+00  0.000E+00  0.000E+00
CO2          + hv           = CO           + O1D          +              +             1670.0
  0.000E+00  0.000E+00  1.157E-02  1.760E-01  2.156E-01  2.653E-01  2.893E-01  2.539E-01  1.746E-01  1.361E-01
  1.570E-01  1.798E-01  1.989E-01  2.528E-01  3.429E-01  5.276E-01  9.150E-01  9.500E-01  9.500E-01  9.500E-01
  9.500E-01  9.500E-01  9.500E-01  9.500E-01  9.500E-01  9.500E-01  9.500E-01  9.500E-01  9.500E-01  9.500E-01
  9.500E-01  9.500E-01  9.500E-01  9.500E-01  9.500E-01
CO2          + hv           = C            + O2           +              +             1084.0
  0.000E+00  0.000E+00  6.088E-04  9.263E-03  1.135E-02  1.396E-02  1.523E-02  1.336E-02  9.189E-03  7.162E-03
  8.262E-03  9.462E-03  1.047E-02  1.331E-02  1.805E-02  2.777E-02  4.816E-02  5.000E-02  5.000E-02  5.000E-02
  5.000E-02  5.000E-02  5.000E-02  5.000E-02  5.000E-02  5.000E-02  5.000E-02  5.000E-02  5.000E-02  5.000E-02
  5.000E-02  5.000E-02  5.000E-02  5.000E-02  5.000E-02
N2          1
Total Absorption Cross Section (cm^2)
  2.456E-17  2.557E-17  2.843E-17  3.509E-17  3.710E-17  0.000E+00  0.000E+00  0.000E+00  0.000E+00  0.000E+00
  0.000E+00  0.000E+00  0.000E+00  0.000E+00  0.000E+00  0.000E+00  0.000E+00  0.000E+00  0.000E+00  0.000E+00
  0.000E+00  0.000E+00  0.000E+00  0.000E+00  0.000E+00  0.000E+00  0.000E+00  0.000E+00  0.000E+00  0.000E+00
  0.000E+00  0.000E+00  0.000E+00  0.000E+00  0.000E+00
Total Ion Cross Section (cm^2)
  1.665E-17  1.607E-17  1.770E-17  1.993E-17  1.950E-17  0.000E+00  0.000E+00  0.000E+00  0.000E+00  0.000E+00
  0.000E+00  0.000E+00  0.000E+00  0.000E+00  0.000E+00  0.000E+00  0.000E+00  0.000E+00  0.000E+00  0.000E+00
  0.000E+00  0.000E+00  0.000E+00  0.000E+00  0.000E+00  0.000E+00  0.000E+00  0.000E+00  0.000E+00  0.000E+00
  0.000E+00  0.000E+00  0.000E+00  0.000E+00  0.000E+00
N2           + hv           = N2P          + E            +              +             795.7
  6.776E-01  6.287E-01  6.227E-01  5.680E-01  5.256E-01  0.000E+00  0.000E+00  0.000E+00  0.000E+00  0.000E+00
  0.000E+00  0.000E+00  0.000E+00  0.000E+00  0.000E+00  0.000E+00  0.000E+00  0.000E+00  0.000E+00  0.000E+00
  0.000E+00  0.000E+00  0.000E+00  0.000E+00  0.000E+00  0.000E+00  0.000E+00  0.000E+00  0.000E+00  0.000E+00
  0.000E+00  0.000E+00  0.000E+00  0.000E+00  0.000E+00
Ar          1
Total Absorption Cross Section (cm^2)
  2.125E-18  1.955E-17  3.440E-17  3.575E-17  3.325E-17  0.000E+00  0.000E+00  0.000E+00  0.000E+00  0.000E+00
  0.000E+00  0.000E+00  0.000E+00  0.000E+00  0.000E+00  0.000E+00  0.000E+00  0.000E+00  0.000E+00  0.000E+00
  0.000E+00  0.000E+00  0.000E+00  0.000E+00  0.000E+00  0.000E+00  0.000E+00  0.000E+00  0.000E+00  0.000E+00
  0.000E+00  0.000E+00  0.000E+00  0.000E+00  0.000E+00
Total Ionization Cross Section (cm^2)
  2.125E-18  1.955E-17  3.440E-17  3.575E-17  3.325E-17  0.000E+00  0.000E+00  0.000E+00  0.000E+00  0.000E+00
  0.000E+00  0.000E+00  0.000E+00  0.000E+00  0.000E+00  0.000E+00  0.000E+00  0.000E+00  0.000E+00  0.000E+00
  0.000E+00  0.000E+00  0.000E+00  0.000E+00  0.000E+00  0.000E+00  0.000E+00  0.000E+00  0.000E+00  0.000E+00
  0.000E+00  0.000E+00  0.000E+00  0.000E+00  0.000E+00
Ar           + hv           = ArP          + E            +              +             786.8
  1.000E+00  1.000E+00  1.000E+00  1.000E+00  1.000E+00  0.000E+00  0.000E+00  0.000E+00  0.000E+00  0.000E+00
  0.000E+00  0.000E+00  0.000E+00  0.000E+00  0.000E+00  0.000E+00  0.000E+00  0.000E+00  0.000E+00  0.000E+00
  0.000E+00  0.000E+00  0.000E+00  0.000E+00  0.000E+00  0.000E+00  0.000E+00  0.000E+00  0.000E+00  0.000E+00
  0.000E+00  0.000E+00  0.000E+00  0.000E+00  0.000E+00
H           1
Total Absorption Cross Section (cm^2)
  3.668E-18  3.803E-18  3.941E-18  4.083E-18  4.226E-18  4.374E-18  4.524E-18  4.678E-18  4.833E-18  4.993E-18
  5.155E-18  5.321E-18  5.489E-18  5.661E-18  5.835E-18  6.013E-18  6.194E-18  1.207E-18  0.000E+00  0.000E+00
  0.000E+00  0.000E+00  0.000E+00  0.000E+00  0.000E+00  0.000E+00  0.000E+00  0.000E+00  0.000E+00  0.000E+00
  0.000E+00  0.000E+00  0.000E+00  0.000E+00  0.000E+00
Total Ionization Cross Section (cm^2)
  3.668E-18  3.803E-18  3.941E-18  4.083E-18  4.226E-18  4.374E-18  4.524E-18  4.678E-18  4.833E-18  4.993E-18
  5.155E-18  5.321E-18  5.489E-18  5.661E-18  5.835E-18  6.013E-18  6.194E-18  1.207E-18  0.000E+00  0.000E+00
  0.000E+00  0.000E+00  0.000E+00  0.000E+00  0.000E+00  0.000E+00  0.000E+00  0.000E+00  0.000E+00  0.000E+00
  0.000E+00  0.000E+00  0.000E+00  0.000E+00  0.000E+00
H            + hv           = HP           + E            +              +             911.8
  1.000E+00  1.000E+00  1.000E+00  1.000E+00  1.000E+00  1.000E+00  1.000E+00  1.000E+00  1.000E+00  1.000E+00
  1.000E+00  1.000E+00  1.000E+00  1.000E+00  1.000E+00  1.000E+00  1.000E+00  1.000E+00  1.000E+00  1.000E+00
  1.000E+00  1.000E+00  1.000E+00  1.000E+00  1.000E+00  1.000E+00  1.000E+00  1.000E+00  1.000E+00  1.000E+00
  1.000E+00  1.000E+00  1.000E+00  1.000E+00  1.000E+00
H2          3
Total Absorption Cross Section (cm^2)
  1.123E-17  1.195E-17  1.249E-17  1.305E-17  1.384E-17  1.433E-17  1.317E-17  1.210E-17  1.243E-17  1.078E-17
  1.062E-17  2.817E-17  2.246E-17  1.770E-17  1.965E-17  1.060E-17  1.752E-17  2.450E-17  1.174E-17  3.225E-17
  5.046E-17  1.501E-17  6.606E-17  1.875E-17  7.457E-17  2.550E-17  4.833E-17  4.194E-17  2.635E-17  2.232E-17
  1.033E-17  1.629E-17  1.733E-17  9.763E-18  2.797E-18
Total Ionization Cross Section (cm^2)
  9.547E-18  8.284E-18  6.975E-18  5.620E-18  4.219E-18  2.773E-18  6.221E-19  0.000E+00  0.000E+00  0.000E+00
  0.000E+00  0.000E+00  0.000E+00  0.000E+00  0.000E+00  0.000E+00  0.000E+00  0.000E+00  0.000E+00  0.000E+00
  0.000E+00  0.000E+00  0.000E+00  0.000E+00  0.000E+00  0.000E+00  0.000E+00  0.000E+00  0.000E+00  0.000E+00
  0.000E+00  0.000E+00  0.000E+00  0.000E+00  0.000E+00
H2           + hv           = H2P          + E            +              +             803.7
  7.538E-01  6.053E-01  4.812E-01  3.668E-01  2.564E-01  1.611E-01  3.881E-02  0.000E+00  0.000E+00  0.000E+00
  0.000E+00  0.000E+00  0.000E+00  0.000E+00  0.000E+00  0.000E+00  0.000E+00  0.000E+00  0.000E+00  0.000E+00
  0.000E+00  0.000E+00  0.000E+00  0.000E+00  0.000E+00  0.000E+00  0.000E+00  0.000E+00  0.000E+00  0.000E+00
  0.000E+00  0.000E+00  0.000E+00  0.000E+00  0.000E+00
H2           + hv           = HP           + H            + E            +             684.8
  8.376E-02  6.725E-02  5.347E-02  4.075E-02  2.849E-02  1.790E-02  4.313E-03  0.000E+00  0.000E+00  0.000E+00
  0.000E+00  0.000E+00  0.000E+00  0.000E+00  0.000E+00  0.000E+00  0.000E+00  0.000E+00  0.000E+00  0.000E+00
  0.000E+00  0.000E+00  0.000E+00  0.000E+00  0.000E+00  0.000E+00  0.000E+00  0.000E+00  0.000E+00  0.000E+00
  0.000E+00  0.000E+00  0.000E+00  0.000E+00  0.000E+00
H2           + hv           = H            + H            +              +             835.0
  1.624E-01  3.275E-01  4.653E-01  5.925E-01  7.151E-01  8.210E-01  9.569E-01  1.000E+00  1.000E+00  1.000E+00
  1.000E+00  1.000E+00  1.000E+00  1.000E+00  1.000E+00  1.000E+00  1.000E+00  1.000E+00  1.000E+00  1.000E+00
  1.000E+00  1.000E+00  1.000E+00  1.000E+00  1.000E+00  1.000E+00  1.000E+00  1.000E+00  1.000E+00  1.000E+00
  1.000E+00  1.000E+00  1.000E+00  1.000E+00  1.000E+00
O           1
Total Absorption Cross Section (cm^2)
  5.229E-18  8.589E-18  4.934E-18  3.886E-18  3.997E-18  0.000E+00  0.000E+00  0.000E+00  0.000E+00  0.000E+00
  0.000E+00  0.000E+00  0.000E+00  0.000E+00  0.000E+00  0.000E+00  0.000E+00  0.000E+00  0.000E+00  0.000E+00
  0.000E+00  0.000E+00  0.000E+00  0.000E+00  0.000E+00  0.000E+00  0.000E+00  0.000E+00  0.000E+00  0.000E+00
  0.000E+00  0.000E+00  0.000E+00  0.000E+00  0.000E+00
Total Ionization Cross Section (cm^2)
  1.126E-17  1.201E-17  1.260E-17  1.338E-17  9.209E-18  0.000E+00  0.000E+00  0.000E+00  0.000E+00  0.000E+00
  0.000E+00  0.000E+00  0.000E+00  0.000E+00  0.000E+00  0.000E+00  0.000E+00  0.000E+00  0.000E+00  0.000E+00
  0.000E+00  0.000E+00  0.000E+00  0.000E+00  0.000E+00  0.000E+00  0.000E+00  0.000E+00  0.000E+00  0.000E+00
  0.000E+00  0.000E+00  0.000E+00  0.000E+00  0.000E+00
O            + hv           = OP           + E            +              +             910.4
  1.000E+00  1.000E+00  1.000E+00  1.000E+00  1.000E+00  0.000E+00  0.000E+00  0.000E+00  0.000E+00  0.000E+00
  0.000E+00  0.000E+00  0.000E+00  0.000E+00  0.000E+00  0.000E+00  0.000E+00  0.000E+00  0.000E+00  0.000E+00
  0.000E+00  0.000E+00  0.000E+00  0.000E+00  0.000E+00  0.000E+00  0.000E+00  0.000E+00  0.000E+00  0.000E+00
  0.000E+00  0.000E+00  0.000E+00  0.000E+00  0.000E+00
O2          2
Total Absorption Cross Section (cm^2)
  0.000E+00  0.000E+00  0.000E+00  0.000E+00  0.000E+00  2.613E-17  3.120E-17  2.888E-17  1.897E-17  1.621E-17
  1.084E-17  8.862E-18  8.114E-18  8.943E-18  8.488E-18  8.412E-18  9.404E-18  1.054E-17  9.316E-18  1.466E-17
  1.489E-17  1.479E-17  1.456E-17  1.232E-17  1.026E-17  6.697E-18  3.170E-18  2.131E-18  3.360E-18  1.224E-18
  1.319E-18  1.039E-18  1.573E-18  1.430E-18  7.241E-19
Total Ionization Cross Section (cm^2)
  0.000E+00  0.000E+00  0.000E+00  0.000E+00  0.000E+00  1.000E-17  9.728E-18  9.829E-18  6.962E-18  6.490E-18
  4.183E-18  3.932E-18  3.920E-18  5.368E-18  5.342E-18  5.770E-18  6.839E-18  7.022E-18  7.300E-18  1.012E-17
  9.726E-18  9.637E-18  9.935E-18  6.984E-18  5.524E-18  4.152E-18  2.789E-18  1.615E-18  1.667E-18  6.689E-20
  0.000E+00  0.000E+00  0.000E+00  0.000E+00  0.000E+00
O2           + hv           = O2P          + E            +              +             1027.2
  0.000E+00  0.000E+00  0.000E+00  0.000E+00  0.000E+00  3.828E-01  3.118E-01  3.403E-01  3.671E-01  4.004E-01
  3.858E-01  4.438E-01  4.832E-01  6.002E-01  6.294E-01  6.859E-01  7.273E-01  6.664E-01  7.835E-01  6.906E-01
  6.534E-01  6.514E-01  6.822E-01  5.668E-01  5.384E-01  6.200E-01  8.798E-01  7.577E-01  4.960E-01  5.467E-02
  0.000E+00  0.000E+00  0.000E+00  0.000E+00  0.000E+00
O2           + hv           = O            + O            +              +             2400.0
  0.000E+00  0.000E+00  0.000E+00  0.000E+00  0.000E+00  6.172E-01  6.882E-01  6.597E-01  6.329E-01  5.996E-01
  6.142E-01  5.562E-01  5.168E-01  3.998E-01  3.706E-01  3.141E-01  2.727E-01  3.336E-01  2.165E-01  3.094E-01
  3.466E-01  3.486E-01  3.178E-01  4.332E-01  4.616E-01  3.800E-01  1.202E-01  2.423E-01  5.040E-01  9.453E-01
  1.000E+00  1.000E+00  1.000E+00  1.000E+00  1.000E+00
O3          2
Total Absorption Cross Section (cm^2)
  0.000E+00  0.000E+00  0.000E+00  0.000E+00  0.000E+00  2.922E-17  2.698E-17  2.483E-17  2.458E-17  2.344E-17
  2.220E-17  2.068E-17  1.867E-17  1.781E-17  1.576E-17  1.368E-17  1.274E-17  1.225E-17  1.172E-17  1.106E-17
  1.135E-17  1.097E-17  1.041E-17  9.863E-18  8.857E-18  8.858E-18  9.226E-18  9.226E-18  9.226E-18  9.226E-18
  9.226E-18  9.226E-18  9.226E-18  9.226E-18  9.250E-18
Total Ionization Cross Section (cm^2)
  0.000E+00  0.000E+00  0.000E+00  0.000E+00  0.000E+00  2.922E-17  2.698E-17  2.483E-17  2.458E-17  2.344E-17
  2.220E-17  2.068E-17  1.867E-17  1.781E-17  1.576E-17  1.368E-17  1.274E-17  1.225E-17  1.172E-17  1.086E-17
  1.064E-17  9.979E-18  7.700E-18  2.061E-18  0.000E+00  0.000E+00  0.000E+00  0.000E+00  0.000E+00  0.000E+00
  0.000E+00  0.000E+00  0.000E+00  0.000E+00  0.000E+00
O3           + hv           = O3P          + E            +              +             989.5
  0.000E+00  0.000E+00  0.000E+00  0.000E+00  0.000E+00  1.000E+00  1.000E+00  1.000E+00  1.000E+00  1.000E+00
  1.000E+00  1.000E+00  1.000E+00  1.000E+00  1.000E+00  1.000E+00  1.000E+00  1.000E+00  1.000E+00  9.822E-01
  9.375E-01  9.099E-01  7.394E-01  2.089E-01  0.000E+00  0.000E+00  0.000E+00  0.000E+00  0.000E+00  0.000E+00
  0.000E+00  0.000E+00  0.000E+00  0.000E+00  0.000E+00
O3           + hv           = O2           + O            +              +             11222.0
  0.000E+00  0.000E+00  0.000E+00  0.000E+00  0.000E+00  0.000E+00  0.000E+00  0.000E+00  0.000E+00  0.000E+00
  0.000E+00  0.000E+00  0.000E+00  0.000E+00  0.000E+00  0.000E+00  0.000E+00  0.000E+00  0.000E+00  1.777E-02
  6.252E-02  9.008E-02  2.606E-01  7.911E-01  1.000E+00  1.000E+00  1.000E+00  1.000E+00  1.000E+00  1.000E+00
  1.000E+00  1.000E+00  1.000E+00  1.000E+00  1.000E+00
OH          1
Total Absorption Cross Section (cm^2)
  0.000E+00  0.000E+00  0.000E+00  0.000E+00  0.000E+00  0.000E+00  0.000E+00  0.000E+00  0.000E+00  0.000E+00
  0.000E+00  0.000E+00  0.000E+00  0.000E+00  0.000E+00  0.000E+00  0.000E+00  6.254E-21  2.234E-20  4.020E-20
  5.807E-20  7.594E-20  9.381E-20  1.436E-19  3.894E-19  5.886E-18  7.585E-18  2.462E-18  3.175E-18  4.158E-18
  5.622E-18  5.766E-18  6.949E-18  7.758E-18  8.293E-18
Total Ionization Cross Section (cm^2)
  0.000E+00  0.000E+00  0.000E+00  0.000E+00  0.000E+00  0.000E+00  0.000E+00  0.000E+00  0.000E+00  0.000E+00
  0.000E+00  0.000E+00  0.000E+00  0.000E+00  0.000E+00  0.000E+00  0.000E+00  0.000E+00  0.000E+00  0.000E+00
  0.000E+00  0.000E+00  0.000E+00  0.000E+00  0.000E+00  0.000E+00  0.000E+00  0.000E+00  0.000E+00  0.000E+00
  0.000E+00  0.000E+00  0.000E+00  0.000E+00  0.000E+00
OH           + hv           = O            + H            +              +             2793.8
  0.000E+00  0.000E+00  0.000E+00  0.000E+00  0.000E+00  1.000E+00  1.000E+00  1.000E+00  1.000E+00  1.000E+00
  1.000E+00  1.000E+00  1.000E+00  1.000E+00  1.000E+00  1.000E+00  1.000E+00  1.000E+00  1.000E+00  1.000E+00
  1.000E+00  1.000E+00  1.000E+00  1.000E+00  1.000E+00  1.000E+00  1.000E+00  1.000E+00  1.000E+00  1.000E+00
  1.000E+00  1.000E+00  1.000E+00  1.000E+00  1.000E+00
H2O         4
Total Absorption Cross Section (cm^2)
  2.052E-17  1.968E-17  1.894E-17  1.767E-17  1.707E-17  1.677E-17  1.647E-17  1.668E-17  1.696E-17  1.762E-17
  1.804E-17  1.902E-17  1.942E-17  1.987E-17  1.992E-17  2.138E-17  2.189E-17  2.180E-17  2.171E-17  2.192E-17
  2.085E-17  1.808E-17  1.583E-17  1.386E-17  1.195E-17  1.483E-17  1.546E-17  1.406E-17  1.454E-17  6.319E-18
  4.648E-18  1.466E-17  1.377E-18  4.230E-18  2.748E-18
Total Ionization Cross Section (cm^2)
  1.548E-17  1.489E-17  1.455E-17  1.387E-17  1.366E-17  1.342E-17  1.313E-17  1.270E-17  1.234E-17  1.187E-17
  1.125E-17  1.060E-17  9.964E-18  9.271E-18  8.738E-18  8.620E-18  8.302E-18  7.964E-18  7.694E-18  7.586E-18
  7.172E-18  6.275E-18  5.748E-18  5.224E-18  1.559E-18  0.000E+00  0.000E+00  0.000E+00  0.000E+00  0.000E+00
  0.000E+00  0.000E+00  0.000E+00  0.000E+00  0.000E+00
H2O          + hv           = H2OP         + E            +              +             982.4
  7.261E-01  7.563E-01  7.682E-01  7.850E-01  8.000E-01  8.000E-01  7.969E-01  7.610E-01  7.276E-01  6.734E-01
  6.238E-01  5.574E-01  5.130E-01  4.666E-01  4.387E-01  4.032E-01  3.792E-01  3.652E-01  3.544E-01  3.461E-01
  3.439E-01  3.471E-01  3.631E-01  3.770E-01  1.304E-01  0.000E+00  0.000E+00  0.000E+00  0.000E+00  0.000E+00
  0.000E+00  0.000E+00  0.000E+00  0.000E+00  0.000E+00
H2O          + hv           = OH           + H            +              +             2398.2
  1.918E-01  1.901E-01  1.808E-01  1.677E-01  1.560E-01  1.560E-01  1.585E-01  1.864E-01  2.124E-01  2.547E-01
  2.934E-01  3.452E-01  3.799E-01  4.160E-01  4.378E-01  4.655E-01  4.842E-01  4.951E-01  5.035E-01  5.100E-01
  5.117E-01  5.093E-01  4.968E-01  4.859E-01  6.783E-01  7.800E-01  7.800E-01  7.800E-01  7.800E-01  7.800E-01
  7.800E-01  7.800E-01  7.800E-01  7.800E-01  7.800E-01
H2O          + hv           = O1D          + H2           +              +             1763.0
  2.704E-02  2.680E-02  2.550E-02  2.365E-02  2.200E-02  2.200E-02  2.235E-02  2.629E-02  2.996E-02  3.592E-02
  4.138E-02  4.869E-02  5.358E-02  5.867E-02  6.174E-02  6.565E-02  6.829E-02  6.982E-02  7.101E-02  7.192E-02
  7.217E-02  7.182E-02  7.006E-02  6.853E-02  9.565E-02  1.100E-01  1.100E-01  1.100E-01  1.100E-01  1.100E-01
  1.100E-01  1.100E-01  1.100E-01  1.100E-01  1.100E-01
H2O          + hv           = O            + H            + H            +             1290.5
  2.704E-02  2.680E-02  2.550E-02  2.365E-02  2.200E-02  2.200E-02  2.235E-02  2.629E-02  2.996E-02  3.592E-02
  4.138E-02  4.869E-02  5.358E-02  5.867E-02  6.174E-02  6.565E-02  6.829E-02  6.982E-02  7.101E-02  7.192E-02
  7.217E-02  7.182E-02  7.006E-02  6.853E-02  9.565E-02  1.100E-01  1.100E-01  1.100E-01  1.100E-01  1.100E-01
  1.100E-01  1.100E-01  1.100E-01  1.100E-01  1.100E-01
H2O2        2
Total Absorption Cross Section (cm^2)
  0.000E+00  0.000E+00  0.000E+00  0.000E+00  0.000E+00  1.735E-17  1.833E-17  1.929E-17  2.037E-17  2.169E-17
  2.299E-17  2.426E-17  2.563E-17  2.710E-17  2.881E-17  2.997E-17  3.038E-17  2.994E-17  2.851E-17  2.638E-17
  2.433E-17  2.278E-17  2.149E-17  2.017E-17  1.864E-17  1.649E-17  1.440E-17  1.258E-17  1.121E-17  9.752E-18
  8.683E-18  7.835E-18  9.138E-18  9.564E-18  9.713E-18
Total Ionization Cross Section (cm^2)
  0.000E+00  0.000E+00  0.000E+00  0.000E+00  0.000E+00  1.735E-17  1.833E-17  1.929E-17  2.037E-17  2.169E-17
  2.299E-17  2.426E-17  2.563E-17  2.710E-17  2.881E-17  2.997E-17  3.038E-17  2.994E-17  2.851E-17  2.638E-17
  2.433E-17  2.278E-17  2.149E-17  2.017E-17  1.864E-17  1.649E-17  1.440E-17  1.258E-17  1.121E-17  9.752E-18
  8.683E-18  7.808E-18  6.745E-18  5.582E-18  4.533E-18
H2O2         + hv           = H2O2P        + E            +              +             1171.9
  0.000E+00  0.000E+00  0.000E+00  0.000E+00  0.000E+00  1.000E+00  1.000E+00  1.000E+00  1.000E+00  1.000E+00
  1.000E+00  1.000E+00  1.000E+00  1.000E+00  1.000E+00  1.000E+00  1.000E+00  1.000E+00  1.000E+00  1.000E+00
  1.000E+00  1.000E+00  1.000E+00  1.000E+00  1.000E+00  1.000E+00  1.000E+00  1.000E+00  1.000E+00  1.000E+00
  1.000E+00  9.966E-01  7.382E-01  5.836E-01  4.667E-01
H2O2         + hv           = OH           + OH           +              +             5582.0
  0.000E+00  0.000E+00  0.000E+00  0.000E+00  0.000E+00  0.000E+00  0.000E+00  0.000E+00  0.000E+00  0.000E+00
  0.000E+00  0.000E+00  0.000E+00  0.000E+00  0.000E+00  0.000E+00  0.000E+00  0.000E+00  0.000E+00  0.000E+00
  0.000E+00  0.000E+00  0.000E+00  0.000E+00  0.000E+00  0.000E+00  0.000E+00  0.000E+00  0.000E+00  0.000E+00
  0.000E+00  3.431E-03  2.618E-01  4.164E-01  5.333E-01
HO2         1
Total Absorption Cross Section (cm^2)
  0.000E+00  0.000E+00  0.000E+00  0.000E+00  0.000E+00  0.000E+00  0.000E+00  0.000E+00  0.000E+00  0.000E+00
  0.000E+00  0.000E+00  0.000E+00  0.000E+00  0.000E+00  0.000E+00  0.000E+00  5.000E-20  5.000E-20  5.000E-20
  5.000E-20  5.000E-20  5.000E-20  5.000E-20  3.099E-19  1.964E-17  2.352E-17  5.632E-19  5.000E-20  5.000E-20
  5.000E-20  5.000E-20  5.000E-20  5.000E-20  5.000E-20
Total Ionization Cross Section (cm^2)
  0.000E+00  0.000E+00  0.000E+00  0.000E+00  0.000E+00  0.000E+00  0.000E+00  0.000E+00  0.000E+00  0.000E+00
  0.000E+00  0.000E+00  0.000E+00  0.000E+00  0.000E+00  0.000E+00  0.000E+00  0.000E+00  0.000E+00  0.000E+00
  0.000E+00  0.000E+00  0.000E+00  0.000E+00  0.000E+00  0.000E+00  0.000E+00  0.000E+00  0.000E+00  0.000E+00
  0.000E+00  0.000E+00  0.000E+00  0.000E+00  0.000E+00
HO2          + hv           = OH           + O            +              +             4181.6
  0.000E+00  0.000E+00  0.000E+00  0.000E+00  0.000E+00  1.000E+00  1.000E+00  1.000E+00  1.000E+00  1.000E+00
  1.000E+00  1.000E+00  1.000E+00  1.000E+00  1.000E+00  1.000E+00  1.000E+00  1.000E+00  1.000E+00  1.000E+00
  1.000E+00  1.000E+00  1.000E+00  1.000E+00  1.000E+00  1.000E+00  1.000E+00  1.000E+00  1.000E+00  1.000E+00
  1.000E+00  1.000E+00  1.000E+00  1.000E+00  1.000E+00
NO          2
Total Absorption Cross Section (cm^2)
  1.815E-17  1.752E-17  1.626E-17  1.870E-17  2.492E-17  2.236E-17  2.582E-17  2.586E-17  1.355E-17  1.536E-17
  1.595E-17  1.722E-17  1.678E-17  1.616E-17  2.904E-17  6.621E-17  3.530E-17  3.061E-17  3.204E-17  2.224E-17
  2.545E-17  1.665E-17  1.942E-17  2.015E-17  2.268E-17  1.985E-17  2.316E-17  1.898E-17  1.957E-17  1.375E-17
  1.370E-17  1.175E-17  9.979E-18  7.761E-18  8.593E-18
Total Ionization Cross Section (cm^2)
  1.257E-17  9.705E-18  9.422E-18  9.849E-18  1.276E-17  1.251E-17  1.462E-17  1.293E-17  6.852E-18  7.774E-18
  7.506E-18  8.232E-18  7.432E-18  7.753E-18  1.303E-17  2.857E-17  1.329E-17  9.988E-18  1.439E-17  8.478E-18
  1.410E-17  8.834E-18  1.043E-17  1.059E-17  1.372E-17  1.087E-17  1.246E-17  1.067E-17  1.120E-17  8.838E-18
  8.776E-18  7.665E-18  6.622E-18  5.306E-18  6.640E-18
NO           + hv           = NOP          + E            +              +             1338.3
  6.926E-01  5.538E-01  5.795E-01  5.268E-01  5.121E-01  5.595E-01  5.662E-01  5.002E-01  5.057E-01  5.061E-01
  4.705E-01  4.781E-01  4.429E-01  4.799E-01  4.488E-01  4.316E-01  3.766E-01  3.263E-01  4.492E-01  3.812E-01
  5.541E-01  5.307E-01  5.371E-01  5.257E-01  6.049E-01  5.475E-01  5.381E-01  5.622E-01  5.725E-01  6.426E-01
  6.404E-01  6.526E-01  6.636E-01  6.836E-01  7.727E-01
NO           + hv           = N            + O            +              +             1894.0
  3.074E-01  4.462E-01  4.205E-01  4.732E-01  4.879E-01  4.405E-01  4.338E-01  4.998E-01  4.943E-01  4.939E-01
  5.295E-01  5.219E-01  5.571E-01  5.201E-01  5.512E-01  5.684E-01  6.234E-01  6.737E-01  5.508E-01  6.188E-01
  4.459E-01  4.693E-01  4.629E-01  4.743E-01  3.951E-01  4.525E-01  4.619E-01  4.378E-01  4.275E-01  3.574E-01
  3.596E-01  3.474E-01  3.364E-01  3.164E-01  2.273E-01
NO2         2
Total Absorption Cross Section (cm^2)
  0.000E+00  0.000E+00  0.000E+00  0.000E+00  0.000E+00  0.000E+00  0.000E+00  0.000E+00  0.000E+00  0.000E+00
  0.000E+00  0.000E+00  0.000E+00  0.000E+00  0.000E+00  0.000E+00  0.000E+00  1.005E-17  1.005E-17  1.005E-17
  1.005E-17  1.005E-17  1.005E-17  1.005E-17  1.068E-17  5.464E-17  6.308E-17  1.005E-17  8.008E-18  7.175E-18
  6.342E-18  5.508E-18  4.894E-18  2.200E-17  2.507E-17
Total Ionization Cross Section (cm^2)
  0.000E+00  0.000E+00  0.000E+00  0.000E+00  0.000E+00  0.000E+00  0.000E+00  0.000E+00  0.000E+00  0.000E+00
  0.000E+00  0.000E+00  0.000E+00  0.000E+00  0.000E+00  0.000E+00  0.000E+00  1.000E-17  1.000E-17  1.000E-17
  1.000E-17  1.000E-17  1.000E-17  1.000E-17  1.000E-17  1.000E-17  9.629E-18  8.792E-18  7.958E-18  7.125E-18
  6.292E-18  5.458E-18  4.604E-18  3.695E-18  3.160E-18
NO2          + hv           = NO2P         + E            +              +             1293.4
  0.000E+00  0.000E+00  0.000E+00  0.000E+00  0.000E+00  0.000E+00  0.000E+00  0.000E+00  0.000E+00  0.000E+00
  0.000E+00  0.000E+00  0.000E+00  0.000E+00  0.000E+00  0.000E+00  0.000E+00  9.950E-01  9.950E-01  9.950E-01
  9.950E-01  9.950E-01  9.950E-01  9.950E-01  9.368E-01  1.830E-01  1.527E-01  8.749E-01  9.938E-01  9.930E-01
  9.921E-01  9.909E-01  9.407E-01  1.680E-01  1.260E-01
NO2          + hv           = NO           + O            +              +             3903.0
  0.000E+00  0.000E+00  0.000E+00  0.000E+00  0.000E+00  0.000E+00  0.000E+00  0.000E+00  0.000E+00  0.000E+00
  0.000E+00  0.000E+00  0.000E+00  0.000E+00  0.000E+00  0.000E+00  0.000E+00  4.975E-03  4.975E-03  4.975E-03
  4.975E-03  4.975E-03  4.975E-03  4.975E-03  6.325E-02  8.170E-01  8.473E-01  1.251E-01  6.243E-03  6.969E-03
  7.884E-03  9.077E-03  5.934E-02  8.320E-01  8.740E-01
N2O         2
Total Absorption Cross Section (cm^2)
  0.000E+00  0.000E+00  0.000E+00  0.000E+00  0.000E+00  0.000E+00  0.000E+00  0.000E+00  0.000E+00  0.000E+00
  0.000E+00  0.000E+00  0.000E+00  0.000E+00  0.000E+00  0.000E+00  0.000E+00  1.020E-16  9.370E-17  8.673E-17
  7.883E-17  5.746E-17  1.138E-17  7.450E-18  8.450E-18  9.450E-18  1.122E-17  1.392E-17  1.662E-17  1.932E-17
  2.202E-17  2.472E-17  2.742E-17  3.012E-17  3.282E-17
Total Ionization Cross Section (cm^2)
  0.000E+00  0.000E+00  0.000E+00  0.000E+00  0.000E+00  0.000E+00  0.000E+00  0.000E+00  0.000E+00  0.000E+00
  0.000E+00  0.000E+00  0.000E+00  0.000E+00  0.000E+00  0.000E+00  0.000E+00  9.084E-17  8.438E-17  7.890E-17
  7.205E-17  5.118E-17  4.933E-18  0.000E+00  0.000E+00  0.000E+00  0.000E+00  0.000E+00  0.000E+00  0.000E+00
  0.000E+00  0.000E+00  0.000E+00  0.000E+00  0.000E+00
N2O          + hv           = N2OP         + E            +              +             961.9
  0.000E+00  0.000E+00  0.000E+00  0.000E+00  0.000E+00  0.000E+00  0.000E+00  0.000E+00  0.000E+00  0.000E+00
  0.000E+00  0.000E+00  0.000E+00  0.000E+00  0.000E+00  0.000E+00  0.000E+00  8.909E-01  9.005E-01  9.098E-01
  9.141E-01  8.908E-01  4.334E-01  0.000E+00  0.000E+00  0.000E+00  0.000E+00  0.000E+00  0.000E+00  0.000E+00
  0.000E+00  0.000E+00  0.000E+00  0.000E+00  0.000E+00
N2O          + hv           = N2           + O1D          +              +             2115.0
  0.000E+00  0.000E+00  0.000E+00  0.000E+00  0.000E+00  0.000E+00  0.000E+00  0.000E+00  0.000E+00  0.000E+00
  0.000E+00  0.000E+00  0.000E+00  0.000E+00  0.000E+00  0.000E+00  0.000E+00  1.091E-01  9.952E-02  9.023E-02
  8.595E-02  1.092E-01  5.666E-01  1.000E+00  1.000E+00  1.000E+00  1.000E+00  1.000E+00  1.000E+00  1.000E+00
  1.000E+00  1.000E+00  1.000E+00  1.000E+00  1.000E+00
N2O5        1
Total Absorption Cross Section (cm^2)
  0.000E+00  0.000E+00  0.000E+00  0.000E+00  0.000E+00  0.000E+00  0.000E+00  0.000E+00  0.000E+00  0.000E+00
  0.000E+00  0.000E+00  0.000E+00  0.000E+00  0.000E+00  0.000E+00  0.000E+00  0.000E+00  0.000E+00  0.000E+00
  0.000E+00  0.000E+00  0.000E+00  0.000E+00  0.000E+00  0.000E+00  2.649E-17  2.436E-17  2.280E-17  2.172E-17
  2.102E-17  2.063E-17  2.045E-17  2.040E-17  2.165E-17
Total Ionization Cross Section (cm^2)
  0.000E+00  0.000E+00  0.000E+00  0.000E+00  0.000E+00  0.000E+00  0.000E+00  0.000E+00  0.000E+00  0.000E+00
  0.000E+00  0.000E+00  0.000E+00  0.000E+00  0.000E+00  0.000E+00  0.000E+00  0.000E+00  0.000E+00  0.000E+00
  0.000E+00  0.000E+00  0.000E+00  0.000E+00  0.000E+00  0.000E+00  0.000E+00  0.000E+00  0.000E+00  0.000E+00
  0.000E+00  0.000E+00  0.000E+00  0.000E+00  0.000E+00
N2O5         + hv           = NO2          + NO3          +              +             12536.0
  0.000E+00  0.000E+00  0.000E+00  0.000E+00  0.000E+00  0.000E+00  0.000E+00  0.000E+00  0.000E+00  0.000E+00
  0.000E+00  0.000E+00  0.000E+00  0.000E+00  0.000E+00  0.000E+00  0.000E+00  0.000E+00  0.000E+00  0.000E+00
  0.000E+00  0.000E+00  0.000E+00  0.000E+00  0.000E+00  0.000E+00  1.000E+00  1.000E+00  1.000E+00  1.000E+00
  1.000E+00  1.000E+00  1.000E+00  1.000E+00  1.000E+00
HONO        1
Total Absorption Cross Section (cm^2)
  0.000E+00  0.000E+00  0.000E+00  0.000E+00  0.000E+00  0.000E+00  0.000E+00  0.000E+00  0.000E+00  0.000E+00
  0.000E+00  0.000E+00  0.000E+00  0.000E+00  0.000E+00  0.000E+00  0.000E+00  0.000E+00  0.000E+00  0.000E+00
  0.000E+00  0.000E+00  0.000E+00  0.000E+00  0.000E+00  0.000E+00  2.824E-17  2.797E-17  2.769E-17  2.742E-17
  2.715E-17  2.688E-17  2.661E-17  2.634E-17  2.607E-17
Total Ionization Cross Section (cm^2)
  0.000E+00  0.000E+00  0.000E+00  0.000E+00  0.000E+00  0.000E+00  0.000E+00  0.000E+00  0.000E+00  0.000E+00
  0.000E+00  0.000E+00  0.000E+00  0.000E+00  0.000E+00  0.000E+00  0.000E+00  0.000E+00  0.000E+00  0.000E+00
  0.000E+00  0.000E+00  0.000E+00  0.000E+00  0.000E+00  0.000E+00  0.000E+00  0.000E+00  0.000E+00  0.000E+00
  0.000E+00  0.000E+00  0.000E+00  0.000E+00  0.000E+00
HONO         + hv           = OH           + NO           +              +             5806.8
  0.000E+00  0.000E+00  0.000E+00  0.000E+00  0.000E+00  0.000E+00  0.000E+00  0.000E+00  0.000E+00  0.000E+00
  0.000E+00  0.000E+00  0.000E+00  0.000E+00  0.000E+00  0.000E+00  0.000E+00  0.000E+00  0.000E+00  0.000E+00
  0.000E+00  0.000E+00  0.000E+00  0.000E+00  0.000E+00  0.000E+00  1.000E+00  1.000E+00  1.000E+00  1.000E+00
  1.000E+00  1.000E+00  1.000E+00  1.000E+00  1.000E+00
HONO2       1
Total Absorption Cross Section (cm^2)
  0.000E+00  0.000E+00  0.000E+00  0.000E+00  0.000E+00  0.000E+00  0.000E+00  0.000E+00  0.000E+00  0.000E+00
  0.000E+00  0.000E+00  0.000E+00  0.000E+00  0.000E+00  0.000E+00  0.000E+00  0.000E+00  0.000E+00  0.000E+00
  0.000E+00  0.000E+00  0.000E+00  0.000E+00  0.000E+00  0.000E+00  2.080E-17  1.939E-17  1.797E-17  1.656E-17
  1.515E-17  1.373E-17  1.232E-17  1.090E-17  1.120E-17
Total Ionization Cross Section (cm^2)
  0.000E+00  0.000E+00  0.000E+00  0.000E+00  0.000E+00  0.000E+00  0.000E+00  0.000E+00  0.000E+00  0.000E+00
  0.000E+00  0.000E+00  0.000E+00  0.000E+00  0.000E+00  0.000E+00  0.000E+00  0.000E+00  0.000E+00  0.000E+00
  0.000E+00  0.000E+00  0.000E+00  0.000E+00  0.000E+00  0.000E+00  0.000E+00  0.000E+00  0.000E+00  0.000E+00
  0.000E+00  0.000E+00  0.000E+00  0.000E+00  0.000E+00
HONO2        + hv           = OH           + NO2          +              +             5774.0
  0.000E+00  0.000E+00  0.000E+00  0.000E+00  0.000E+00  0.000E+00  0.000E+00  0.000E+00  0.000E+00  0.000E+00
  0.000E+00  0.000E+00  0.000E+00  0.000E+00  0.000E+00  0.000E+00  0.000E+00  0.000E+00  0.000E+00  0.000E+00
  0.000E+00  0.000E+00  0.000E+00  0.000E+00  0.000E+00  0.000E+00  1.000E+00  1.000E+00  1.000E+00  1.000E+00
  1.000E+00  1.000E+00  1.000E+00  1.000E+00  1.000E+00
HO2NO2        2
Total Absorption Cross Section (cm^2)
  0.000E+00  0.000E+00  0.000E+00  0.000E+00  0.000E+00  0.000E+00  0.000E+00  0.000E+00  0.000E+00  0.000E+00
  0.000E+00  0.000E+00  0.000E+00  0.000E+00  0.000E+00  0.000E+00  0.000E+00  0.000E+00  0.000E+00  0.000E+00
  0.000E+00  0.000E+00  0.000E+00  0.000E+00  0.000E+00  0.000E+00  3.907E-17  3.691E-17  3.487E-17  3.294E-17
  3.113E-17  2.944E-17  2.786E-17  2.640E-17  2.505E-17
Total Ionization Cross Section (cm^2)
  0.000E+00  0.000E+00  0.000E+00  0.000E+00  0.000E+00  0.000E+00  0.000E+00  0.000E+00  0.000E+00  0.000E+00
  0.000E+00  0.000E+00  0.000E+00  0.000E+00  0.000E+00  0.000E+00  0.000E+00  0.000E+00  0.000E+00  0.000E+00
  0.000E+00  0.000E+00  0.000E+00  0.000E+00  0.000E+00  0.000E+00  0.000E+00  0.000E+00  0.000E+00  0.000E+00
  0.000E+00  0.000E+00  0.000E+00  0.000E+00  0.000E+00
HO2NO2       + hv           = HO2          + NO2          +              +             12320.0
  0.000E+00  0.000E+00  0.000E+00  0.000E+00  0.000E+00  0.000E+00  0.000E+00  0.000E+00  0.000E+00  0.000E+00
  0.000E+00  0.000E+00  0.000E+00  0.000E+00  0.000E+00  0.000E+00  0.000E+00  0.000E+00  0.000E+00  0.000E+00
  0.000E+00  0.000E+00  0.000E+00  0.000E+00  0.000E+00  0.000E+00  0.700E+00  0.700E+00  0.700E+00  0.700E+00
  0.700E+00  0.700E+00  0.700E+00  0.700E+00  0.700E+00
HO2NO2       + hv           = OH           + NO3          +              +             12320.0
  0.000E+00  0.000E+00  0.000E+00  0.000E+00  0.000E+00  0.000E+00  0.000E+00  0.000E+00  0.000E+00  0.000E+00
  0.000E+00  0.000E+00  0.000E+00  0.000E+00  0.000E+00  0.000E+00  0.000E+00  0.000E+00  0.000E+00  0.000E+00
  0.000E+00  0.000E+00  0.000E+00  0.000E+00  0.000E+00  0.000E+00  0.300E+00  0.300E+00  0.300E+00  0.300E+00
  0.300E+00  0.300E+00  0.300E+00  0.300E+00  0.300E+00
