    75     10    15
Wavelength (Angstroms)
  5.000E+00  1.500E+01  2.500E+01  3.500E+01  4.500E+01  5.500E+01  6.500E+01  7.500E+01  8.500E+01  9.500E+01
  1.050E+02  1.150E+02  1.250E+02  1.350E+02  1.450E+02  1.550E+02  1.650E+02  1.750E+02  1.850E+02  1.950E+02
  2.050E+02  2.150E+02  2.250E+02  2.350E+02  2.450E+02  2.550E+02  2.650E+02  2.750E+02  2.850E+02  2.950E+02
  3.050E+02  3.150E+02  3.250E+02  3.350E+02  3.450E+02  3.550E+02  3.650E+02  3.750E+02  3.850E+02  3.950E+02
  4.050E+02  4.150E+02  4.250E+02  4.350E+02  4.450E+02  4.550E+02  4.650E+02  4.750E+02  4.850E+02  4.950E+02
  5.050E+02  5.150E+02  5.250E+02  5.350E+02  5.450E+02  5.550E+02  5.650E+02  5.750E+02  5.850E+02  5.950E+02
  6.050E+02  6.150E+02  6.250E+02  6.350E+02  6.450E+02  6.550E+02  6.650E+02  6.750E+02  6.850E+02  6.950E+02
  7.050E+02  7.150E+02  7.250E+02  7.350E+02  7.450E+02
CO2         11
Total Absorption Cross Section (cm^2)
  2.788E-20  4.992E-19  1.679E-18  1.360E-18  2.963E-18  6.580E-19  1.035E-18  1.357E-18  1.678E-18  2.205E-18
  3.089E-18  3.429E-18  4.258E-18  5.189E-18  5.933E-18  6.773E-18  7.756E-18  8.500E-18  9.325E-18  1.089E-17
  1.276E-17  1.393E-17  1.479E-17  1.522E-17  1.538E-17  1.554E-17  1.603E-17  1.698E-17  1.832E-17  1.924E-17
  2.016E-17  2.223E-17  2.400E-17  2.483E-17  2.567E-17  2.598E-17  2.634E-17  2.695E-17  2.723E-17  2.752E-17
  2.787E-17  2.801E-17  2.861E-17  2.887E-17  2.944E-17  3.019E-17  3.027E-17  2.998E-17  2.995E-17  3.016E-17
  3.054E-17  3.118E-17  3.210E-17  3.314E-17  3.415E-17  3.499E-17  3.568E-17  3.627E-17  3.657E-17  3.661E-17
  3.645E-17  3.608E-17  3.545E-17  3.500E-17  3.486E-17  3.466E-17  3.394E-17  3.293E-17  3.393E-17  3.377E-17
  3.450E-17  3.111E-17  3.498E-17  2.275E-17  2.442E-17
Total Ionization Cross Section (cm^2)
  2.788E-20  4.992E-19  1.679E-18  1.360E-18  2.963E-18  6.580E-19  1.035E-18  1.357E-18  1.678E-18  2.205E-18
  3.089E-18  3.429E-18  4.258E-18  5.189E-18  5.933E-18  6.773E-18  7.756E-18  8.500E-18  9.325E-18  1.089E-17
  1.276E-17  1.393E-17  1.479E-17  1.522E-17  1.538E-17  1.554E-17  1.603E-17  1.698E-17  1.832E-17  1.924E-17
  2.016E-17  2.223E-17  2.400E-17  2.483E-17  2.567E-17  2.598E-17  2.634E-17  2.695E-17  2.723E-17  2.752E-17
  2.787E-17  2.801E-17  2.844E-17  2.868E-17  2.923E-17  2.996E-17  3.006E-17  2.982E-17  2.984E-17  3.009E-17
  3.052E-17  3.118E-17  3.210E-17  3.314E-17  3.415E-17  3.499E-17  3.568E-17  3.627E-17  3.657E-17  3.661E-17
  3.645E-17  3.608E-17  3.545E-17  3.500E-17  3.486E-17  3.466E-17  3.394E-17  3.293E-17  3.393E-17  3.377E-17
  3.450E-17  3.111E-17  3.498E-17  2.275E-17  2.442E-17
CO2          + hv           = CO2P         + E            +              +             899.9
  1.823E-01  1.823E-01  1.823E-01  1.823E-01  1.823E-01  1.823E-01  1.823E-01  1.823E-01  1.823E-01  1.823E-01
  1.823E-01  2.968E-01  3.635E-01  3.981E-01  4.248E-01  4.449E-01  4.607E-01  4.736E-01  4.806E-01  4.748E-01
  4.765E-01  4.872E-01  5.183E-01  5.474E-01  6.080E-01  6.586E-01  6.839E-01  6.929E-01  6.902E-01  6.797E-01
  6.695E-01  6.640E-01  6.645E-01  6.712E-01  6.834E-01  6.943E-01  7.089E-01  7.296E-01  7.430E-01  7.530E-01
  7.592E-01  7.641E-01  7.733E-01  7.865E-01  8.004E-01  8.203E-01  8.475E-01  8.780E-01  8.885E-01  8.946E-01
  9.082E-01  9.210E-01  9.305E-01  9.389E-01  9.441E-01  9.473E-01  9.503E-01  9.535E-01  9.566E-01  9.615E-01
  9.686E-01  9.758E-01  9.814E-01  9.853E-01  9.893E-01  9.925E-01  9.937E-01  9.951E-01  9.966E-01  9.973E-01
  9.975E-01  9.978E-01  9.980E-01  9.983E-01  9.986E-01
CO2          + hv           = COP          + O            + E            +             636.1
  6.646E-02  6.646E-02  6.646E-02  6.646E-02  6.646E-02  6.646E-02  6.646E-02  6.646E-02  6.646E-02  6.646E-02
  6.646E-02  7.991E-02  8.773E-02  9.081E-02  9.360E-02  9.575E-02  9.568E-02  9.995E-02  9.918E-02  1.049E-01
  1.054E-01  1.083E-01  1.050E-01  1.079E-01  9.831E-02  8.873E-02  8.805E-02  8.665E-02  8.749E-02  8.814E-02
  9.212E-02  9.628E-02  9.975E-02  1.072E-01  1.070E-01  1.147E-01  1.186E-01  1.198E-01  1.231E-01  1.260E-01
  1.292E-01  1.313E-01  1.263E-01  1.186E-01  1.088E-01  9.364E-02  7.798E-02  6.285E-02  5.372E-02  4.611E-02
  3.703E-02  2.803E-02  2.139E-02  1.552E-02  1.286E-02  1.226E-02  1.156E-02  1.023E-02  8.918E-03  7.188E-03
  4.941E-03  2.671E-03  1.825E-03  2.371E-03  2.908E-03  3.219E-03  2.836E-03  2.419E-03  1.960E-03  1.791E-03
  1.819E-03  1.848E-03  1.877E-03  1.711E-03  1.363E-03
CO2          + hv           = OP           + CO           + E            +             649.2
  2.553E-01  2.553E-01  2.553E-01  2.553E-01  2.553E-01  2.553E-01  2.553E-01  2.553E-01  2.553E-01  2.553E-01
  2.553E-01  2.342E-01  2.219E-01  2.092E-01  2.021E-01  1.971E-01  1.884E-01  1.854E-01  1.836E-01  1.821E-01
  1.830E-01  1.830E-01  1.734E-01  1.661E-01  1.503E-01  1.358E-01  1.294E-01  1.322E-01  1.374E-01  1.474E-01
  1.527E-01  1.540E-01  1.517E-01  1.439E-01  1.392E-01  1.307E-01  1.248E-01  1.174E-01  1.127E-01  1.077E-01
  1.036E-01  9.981E-02  9.295E-02  8.724E-02  8.217E-02  7.798E-02  6.769E-02  5.373E-02  5.386E-02  5.700E-02
  5.427E-02  5.099E-02  4.815E-02  4.554E-02  4.299E-02  4.046E-02  3.810E-02  3.626E-02  3.444E-02  3.126E-02
  2.644E-02  2.157E-02  1.682E-02  1.229E-02  7.828E-03  4.310E-03  3.452E-03  2.513E-03  1.483E-03  9.103E-04
  6.550E-04  3.918E-04  1.201E-04  0.000E+00  0.000E+00
CO2          + hv           = CP           + O2           + E            +             545.4
  1.248E-01  1.248E-01  1.248E-01  1.248E-01  1.248E-01  1.248E-01  1.248E-01  1.248E-01  1.248E-01  1.248E-01
  1.248E-01  1.160E-01  1.109E-01  1.052E-01  1.021E-01  9.996E-02  9.912E-02  9.851E-02  9.813E-02  9.965E-02
  1.030E-01  1.027E-01  9.634E-02  9.093E-02  7.954E-02  7.022E-02  6.599E-02  6.694E-02  6.870E-02  7.472E-02
  8.042E-02  8.413E-02  8.393E-02  7.769E-02  7.040E-02  6.038E-02  4.773E-02  3.318E-02  2.125E-02  1.322E-02
  8.089E-03  4.729E-03  1.592E-03  1.175E-03  1.341E-03  4.007E-04  0.000E+00  0.000E+00  0.000E+00  0.000E+00
  0.000E+00  0.000E+00  0.000E+00  0.000E+00  0.000E+00  0.000E+00  0.000E+00  0.000E+00  0.000E+00  0.000E+00
  0.000E+00  0.000E+00  0.000E+00  0.000E+00  0.000E+00  0.000E+00  0.000E+00  0.000E+00  0.000E+00  0.000E+00
  0.000E+00  0.000E+00  0.000E+00  0.000E+00  0.000E+00
CO2          + hv           = CO2PP        + E            + E            +             342.5
  2.856E-02  2.856E-02  2.856E-02  2.856E-02  2.856E-02  2.856E-02  2.856E-02  2.856E-02  2.856E-02  2.856E-02
  2.856E-02  2.101E-02  1.661E-02  1.344E-02  1.137E-02  9.860E-03  1.332E-02  9.485E-03  1.221E-02  1.115E-02
  1.159E-02  1.104E-02  8.595E-03  7.595E-03  5.817E-03  6.224E-03  5.100E-03  4.459E-03  5.007E-03  3.727E-03
  2.388E-03  9.905E-04  1.433E-04  0.000E+00  0.000E+00  0.000E+00  0.000E+00  0.000E+00  0.000E+00  0.000E+00
  0.000E+00  0.000E+00  0.000E+00  0.000E+00  0.000E+00  0.000E+00  0.000E+00  0.000E+00  0.000E+00  0.000E+00
  0.000E+00  0.000E+00  0.000E+00  0.000E+00  0.000E+00  0.000E+00  0.000E+00  0.000E+00  0.000E+00  0.000E+00
  0.000E+00  0.000E+00  0.000E+00  0.000E+00  0.000E+00  0.000E+00  0.000E+00  0.000E+00  0.000E+00  0.000E+00
  0.000E+00  0.000E+00  0.000E+00  0.000E+00  0.000E+00
CO2          + hv           = COP          + OP           + E            +             316.3
  1.816E-01  1.816E-01  1.816E-01  1.816E-01  1.816E-01  1.816E-01  1.816E-01  1.816E-01  1.816E-01  1.816E-01
  1.816E-01  1.336E-01  1.056E-01  1.027E-01  9.708E-02  9.362E-02  9.068E-02  8.629E-02  8.493E-02  8.821E-02
  8.772E-02  8.385E-02  7.971E-02  6.795E-02  5.197E-02  3.863E-02  2.760E-02  1.685E-02  1.124E-02  6.358E-03
  2.925E-03  6.343E-04  0.000E+00  0.000E+00  0.000E+00  0.000E+00  0.000E+00  0.000E+00  0.000E+00  0.000E+00
  0.000E+00  0.000E+00  0.000E+00  0.000E+00  0.000E+00  0.000E+00  0.000E+00  0.000E+00  0.000E+00  0.000E+00
  0.000E+00  0.000E+00  0.000E+00  0.000E+00  0.000E+00  0.000E+00  0.000E+00  0.000E+00  0.000E+00  0.000E+00
  0.000E+00  0.000E+00  0.000E+00  0.000E+00  0.000E+00  0.000E+00  0.000E+00  0.000E+00  0.000E+00  0.000E+00
  0.000E+00  0.000E+00  0.000E+00  0.000E+00  0.000E+00
CO2          + hv           = OP           + CP           + O            + E           262.7
  1.600E-01  1.600E-01  1.600E-01  1.600E-01  1.600E-01  1.600E-01  1.600E-01  1.600E-01  1.600E-01  1.600E-01
  1.600E-01  1.177E-01  9.309E-02  7.987E-02  6.858E-02  5.856E-02  5.215E-02  4.676E-02  4.141E-02  3.914E-02
  3.282E-02  2.394E-02  1.866E-02  1.216E-02  6.033E-03  1.861E-03  0.000E+00  0.000E+00  0.000E+00  0.000E+00
  0.000E+00  0.000E+00  0.000E+00  0.000E+00  0.000E+00  0.000E+00  0.000E+00  0.000E+00  0.000E+00  0.000E+00
  0.000E+00  0.000E+00  0.000E+00  0.000E+00  0.000E+00  0.000E+00  0.000E+00  0.000E+00  0.000E+00  0.000E+00
  0.000E+00  0.000E+00  0.000E+00  0.000E+00  0.000E+00  0.000E+00  0.000E+00  0.000E+00  0.000E+00  0.000E+00
  0.000E+00  0.000E+00  0.000E+00  0.000E+00  0.000E+00  0.000E+00  0.000E+00  0.000E+00  0.000E+00  0.000E+00
  0.000E+00  0.000E+00  0.000E+00  0.000E+00  0.000E+00
CO2          + hv           = CPP          + O2           + E            + E           263.2
  1.073E-03  1.073E-03  1.073E-03  1.073E-03  1.073E-03  1.073E-03  7.893E-04  6.242E-04  5.507E-04  3.374E-04
  2.252E-04  1.180E-05  0.000E+00  0.000E+00  0.000E+00  0.000E+00  0.000E+00  0.000E+00  0.000E+00  0.000E+00
  0.000E+00  0.000E+00  0.000E+00  0.000E+00  0.000E+00  0.000E+00  0.000E+00  0.000E+00  0.000E+00  0.000E+00
  0.000E+00  0.000E+00  0.000E+00  0.000E+00  0.000E+00  0.000E+00  0.000E+00  0.000E+00  0.000E+00  0.000E+00
  0.000E+00  0.000E+00  0.000E+00  0.000E+00  0.000E+00  0.000E+00  0.000E+00  0.000E+00  0.000E+00  0.000E+00
  0.000E+00  0.000E+00  0.000E+00  0.000E+00  0.000E+00  0.000E+00  0.000E+00  0.000E+00  0.000E+00  0.000E+00
  0.000E+00  0.000E+00  0.000E+00  0.000E+00  0.000E+00  0.000E+00  0.000E+00  0.000E+00  0.000E+00  0.000E+00
  0.000E+00  0.000E+00  0.000E+00  0.000E+00  0.000E+00
CO2          + hv           = C            + O            + O            + 156         503.7
  0.000E+00  0.000E+00  0.000E+00  0.000E+00  0.000E+00  0.000E+00  0.000E+00  0.000E+00  0.000E+00  0.000E+00
  0.000E+00  0.000E+00  0.000E+00  0.000E+00  0.000E+00  0.000E+00  0.000E+00  0.000E+00  0.000E+00  0.000E+00
  0.000E+00  0.000E+00  0.000E+00  0.000E+00  0.000E+00  0.000E+00  0.000E+00  0.000E+00  0.000E+00  0.000E+00
  0.000E+00  0.000E+00  0.000E+00  0.000E+00  0.000E+00  0.000E+00  0.000E+00  0.000E+00  0.000E+00  0.000E+00
  0.000E+00  0.000E+00  1.046E-03  1.319E-03  1.557E-03  1.615E-03  1.556E-03  1.319E-03  9.638E-04  5.796E-04
  0.000E+00  0.000E+00  0.000E+00  0.000E+00  0.000E+00  0.000E+00  0.000E+00  0.000E+00  0.000E+00  0.000E+00
  0.000E+00  0.000E+00  0.000E+00  0.000E+00  0.000E+00  0.000E+00  0.000E+00  0.000E+00  0.000E+00  0.000E+00
  0.000E+00  0.000E+00  0.000E+00  0.000E+00  0.000E+00
CO2          + hv           = C            + O            + O            + 165         513.4
  0.000E+00  0.000E+00  0.000E+00  0.000E+00  0.000E+00  0.000E+00  0.000E+00  0.000E+00  0.000E+00  0.000E+00
  0.000E+00  0.000E+00  0.000E+00  0.000E+00  0.000E+00  0.000E+00  0.000E+00  0.000E+00  0.000E+00  0.000E+00
  0.000E+00  0.000E+00  0.000E+00  0.000E+00  0.000E+00  0.000E+00  0.000E+00  0.000E+00  0.000E+00  0.000E+00
  0.000E+00  0.000E+00  0.000E+00  0.000E+00  0.000E+00  0.000E+00  0.000E+00  0.000E+00  0.000E+00  0.000E+00
  0.000E+00  0.000E+00  2.280E-03  2.356E-03  2.703E-03  2.887E-03  2.474E-03  1.816E-03  1.386E-03  9.477E-04
  5.128E-04  0.000E+00  0.000E+00  0.000E+00  0.000E+00  0.000E+00  0.000E+00  0.000E+00  0.000E+00  0.000E+00
  0.000E+00  0.000E+00  0.000E+00  0.000E+00  0.000E+00  0.000E+00  0.000E+00  0.000E+00  0.000E+00  0.000E+00
  0.000E+00  0.000E+00  0.000E+00  0.000E+00  0.000E+00
CO2          + hv           = C            + O            + O            + 193         509.1
  0.000E+00  0.000E+00  0.000E+00  0.000E+00  0.000E+00  0.000E+00  0.000E+00  0.000E+00  0.000E+00  0.000E+00
  0.000E+00  0.000E+00  0.000E+00  0.000E+00  0.000E+00  0.000E+00  0.000E+00  0.000E+00  0.000E+00  0.000E+00
  0.000E+00  0.000E+00  0.000E+00  0.000E+00  0.000E+00  0.000E+00  0.000E+00  0.000E+00  0.000E+00  0.000E+00
  0.000E+00  0.000E+00  0.000E+00  0.000E+00  0.000E+00  0.000E+00  0.000E+00  0.000E+00  0.000E+00  0.000E+00
  0.000E+00  0.000E+00  2.528E-03  2.772E-03  3.093E-03  3.184E-03  2.841E-03  2.251E-03  1.568E-03  7.523E-04
  0.000E+00  0.000E+00  0.000E+00  0.000E+00  0.000E+00  0.000E+00  0.000E+00  0.000E+00  0.000E+00  0.000E+00
  0.000E+00  0.000E+00  0.000E+00  0.000E+00  0.000E+00  0.000E+00  0.000E+00  0.000E+00  0.000E+00  0.000E+00
  0.000E+00  0.000E+00  0.000E+00  0.000E+00  0.000E+00
N2          2
Total Absorption Cross Section (cm^2)
  5.584E-20  2.791E-19  9.430E-19  1.891E-19  1.856E-19  3.096E-19  4.645E-19  6.758E-19  8.925E-19  1.146E-18
  1.425E-18  1.861E-18  2.168E-18  2.577E-18  2.998E-18  3.475E-18  3.988E-18  4.535E-18  5.178E-18  5.861E-18
  6.611E-18  7.436E-18  8.306E-18  9.136E-18  9.796E-18  1.017E-17  1.040E-17  1.063E-17  1.094E-17  1.130E-17
  1.178E-17  1.239E-17  1.316E-17  1.398E-17  1.485E-17  1.576E-17  1.666E-17  1.758E-17  1.857E-17  1.959E-17
  2.057E-17  2.146E-17  2.227E-17  2.288E-17  2.310E-17  2.307E-17  2.317E-17  2.344E-17  2.355E-17  2.446E-17
  2.479E-17  2.543E-17  2.599E-17  2.630E-17  2.585E-17  2.508E-17  2.414E-17  2.363E-17  2.350E-17  2.355E-17
  2.349E-17  2.392E-17  2.397E-17  2.436E-17  2.464E-17  2.489E-17  2.474E-17  2.495E-17  2.617E-17  2.744E-17
  2.451E-17  2.460E-17  3.382E-17  2.374E-17  2.456E-17
Total Ion Cross Section (cm^2)
  5.584E-20  2.791E-19  9.430E-19  1.891E-19  1.856E-19  3.096E-19  4.645E-19  6.758E-19  8.925E-19  1.146E-18
  1.425E-18  1.861E-18  2.168E-18  2.577E-18  2.998E-18  3.475E-18  3.988E-18  4.535E-18  5.178E-18  5.861E-18
  6.611E-18  7.436E-18  8.306E-18  9.136E-18  9.796E-18  1.017E-17  1.040E-17  1.063E-17  1.094E-17  1.130E-17
  1.178E-17  1.239E-17  1.316E-17  1.398E-17  1.485E-17  1.576E-17  1.666E-17  1.758E-17  1.857E-17  1.959E-17
  2.057E-17  2.146E-17  2.227E-17  2.288E-17  2.310E-17  2.307E-17  2.317E-17  2.344E-17  2.355E-17  2.446E-17
  2.479E-17  2.543E-17  2.599E-17  2.630E-17  2.585E-17  2.508E-17  2.414E-17  2.363E-17  2.350E-17  2.355E-17
  2.349E-17  2.392E-17  2.397E-17  2.436E-17  2.463E-17  2.484E-17  2.448E-17  2.427E-17  2.548E-17  2.686E-17
  2.392E-17  2.355E-17  3.044E-17  1.900E-17  1.665E-17
N2           + hv           = N2P          + E            +              +             796.8
  1.000E+00  1.000E+00  1.000E+00  6.032E-01  6.007E-01  6.056E-01  6.084E-01  6.123E-01  6.164E-01  6.203E-01
  6.243E-01  6.376E-01  6.448E-01  6.495E-01  6.528E-01  6.506E-01  6.453E-01  6.416E-01  6.389E-01  6.368E-01
  6.339E-01  6.304E-01  6.276E-01  6.254E-01  6.235E-01  6.322E-01  6.498E-01  6.658E-01  6.805E-01  6.939E-01
  7.178E-01  7.497E-01  7.781E-01  8.036E-01  8.265E-01  8.438E-01  8.565E-01  8.683E-01  8.794E-01  8.898E-01
  9.024E-01  9.164E-01  9.289E-01  9.400E-01  9.500E-01  9.564E-01  9.596E-01  9.628E-01  9.658E-01  9.688E-01
  9.732E-01  9.790E-01  9.847E-01  9.904E-01  9.959E-01  9.988E-01  9.990E-01  9.993E-01  9.996E-01  9.999E-01
  1.000E+00  1.000E+00  1.000E+00  1.000E+00  1.000E+00  9.978E-01  9.893E-01  9.730E-01  9.738E-01  9.788E-01
  9.758E-01  9.571E-01  8.998E-01  8.005E-01  6.776E-01
N2           + hv           = NP           + N            + E            +             515.6
  0.000E+00  0.000E+00  0.000E+00  3.968E-01  3.993E-01  3.944E-01  3.916E-01  3.877E-01  3.836E-01  3.797E-01
  3.757E-01  3.624E-01  3.552E-01  3.505E-01  3.472E-01  3.494E-01  3.547E-01  3.584E-01  3.611E-01  3.632E-01
  3.661E-01  3.696E-01  3.724E-01  3.746E-01  3.765E-01  3.678E-01  3.502E-01  3.342E-01  3.195E-01  3.061E-01
  2.822E-01  2.503E-01  2.219E-01  1.964E-01  1.735E-01  1.562E-01  1.435E-01  1.317E-01  1.206E-01  1.102E-01
  9.760E-02  8.359E-02  7.113E-02  5.999E-02  4.996E-02  4.364E-02  4.039E-02  3.724E-02  3.418E-02  3.123E-02
  2.683E-02  2.099E-02  1.526E-02  9.623E-03  4.082E-03  1.221E-03  9.630E-04  6.979E-04  4.249E-04  1.437E-04
  0.000E+00  0.000E+00  0.000E+00  0.000E+00  0.000E+00  0.000E+00  0.000E+00  0.000E+00  0.000E+00  0.000E+00
  0.000E+00  0.000E+00  0.000E+00  0.000E+00  0.000E+00
Ar          1
Total Absorption Cross Section (cm^2)
  2.988E-20  1.140E-18  1.350E-18  2.915E-18  2.175E-17  3.495E-17  3.560E-17  3.295E-17  4.105E-19  1.255E-18
  1.240E-18  3.955E-18  2.385E-17  3.540E-17  3.540E-17  3.265E-17  1.219E-18  1.360E-18  1.120E-18  5.255E-18
  2.582E-17  3.570E-17  3.515E-17  3.235E-17  2.425E-18  1.445E-18  1.015E-18  6.810E-18  2.755E-17  3.590E-17
  3.490E-17  3.205E-17  3.850E-18  1.510E-18  9.440E-19  8.600E-18  2.915E-17  3.605E-17  3.465E-17  3.175E-17
  4.760E-19  1.555E-18  9.290E-19  1.058E-17  3.055E-17  3.610E-17  3.435E-17  3.150E-17  6.085E-19  1.570E-18
  1.005E-18  1.270E-17  3.175E-17  3.610E-17  3.405E-17  3.125E-17  7.440E-19  1.555E-18  1.205E-18  1.495E-17
  3.280E-17  3.605E-17  3.375E-17  3.166E-17  8.795E-19  1.510E-18  1.565E-18  1.725E-17  3.370E-17  3.590E-17
  3.350E-17  1.860E-17 1.0135E-18  1.440E-18  2.125E-18
Total Ionization Cross Section (cm^2)
  2.988E-20  1.140E-18  1.350E-18  2.915E-18  2.175E-17  3.495E-17  3.560E-17  3.295E-17  4.105E-19  1.255E-18
  1.240E-18  3.955E-18  2.385E-17  3.540E-17  3.540E-17  3.265E-17  1.219E-18  1.360E-18  1.120E-18  5.255E-18
  2.582E-17  3.570E-17  3.515E-17  3.235E-17  2.425E-18  1.445E-18  1.015E-18  6.810E-18  2.755E-17  3.590E-17
  3.490E-17  3.205E-17  3.850E-18  1.510E-18  9.440E-19  8.600E-18  2.915E-17  3.605E-17  3.465E-17  3.175E-17
  4.760E-19  1.555E-18  9.290E-19  1.058E-17  3.055E-17  3.610E-17  3.435E-17  3.150E-17  6.085E-19  1.570E-18
  1.005E-18  1.270E-17  3.175E-17  3.610E-17  3.405E-17  3.125E-17  7.440E-19  1.555E-18  1.205E-18  1.495E-17
  3.280E-17  3.605E-17  3.375E-17  3.166E-17  8.795E-19  1.510E-18  1.565E-18  1.725E-17  3.370E-17  3.590E-17
  3.350E-17  1.860E-17  1.014E-18  1.440E-18  2.125E-18
Ar           + hv           = ArP          + E            +              +             787.0
  1.000E+00  1.000E+00  1.000E+00  1.000E+00  1.000E+00  1.000E+00  1.000E+00  1.000E+00  1.000E+00  1.000E+00
  1.000E+00  1.000E+00  1.000E+00  1.000E+00  1.000E+00  1.000E+00  1.000E+00  1.000E+00  1.000E+00  1.000E+00
  1.000E+00  1.000E+00  1.000E+00  1.000E+00  1.000E+00  1.000E+00  1.000E+00  1.000E+00  1.000E+00  1.000E+00
  1.000E+00  1.000E+00  1.000E+00  1.000E+00  1.000E+00  1.000E+00  1.000E+00  1.000E+00  1.000E+00  1.000E+00
  1.000E+00  1.000E+00  1.000E+00  1.000E+00  1.000E+00  1.000E+00  1.000E+00  1.000E+00  1.000E+00  1.000E+00
  1.000E+00  1.000E+00  1.000E+00  1.000E+00  1.000E+00  1.000E+00  1.000E+00  1.000E+00  1.000E+00  1.000E+00
  1.000E+00  1.000E+00  1.000E+00  1.000E+00  1.000E+00  1.000E+00  1.000E+00  1.000E+00  1.000E+00  1.000E+00
  1.000E+00  1.000E+00  1.000E+00  1.000E+00  1.000E+00
CO          7
Total Absorption Cross Section (cm^2)
  1.926E-20  2.750E-19  8.465E-19  1.700E-19  1.424E-19  2.274E-19  3.186E-19  4.848E-19  8.760E-19  1.237E-18
  1.586E-18  1.966E-18  2.350E-18  2.776E-18  3.208E-18  3.653E-18  4.163E-18  4.703E-18  5.279E-18  5.945E-18
  6.601E-18  7.273E-18  7.965E-18  8.667E-18  9.340E-18  9.862E-18  1.035E-17  1.071E-17  1.109E-17  1.150E-17
  1.197E-17  1.239E-17  1.278E-17  1.310E-17  1.340E-17  1.370E-17  1.404E-17  1.455E-17  1.509E-17  1.582E-17
  1.646E-17  1.722E-17  1.796E-17  1.868E-17  1.920E-17  1.980E-17  2.037E-17  2.065E-17  2.092E-17  2.096E-17
  2.097E-17  2.109E-17  2.123E-17  2.152E-17  2.165E-17  2.232E-17  2.254E-17  2.256E-17  2.198E-17  2.061E-17
  2.044E-17  1.656E-17  2.229E-17  1.689E-17  1.731E-17  1.742E-17  1.800E-17  1.486E-17  1.804E-17  1.698E-17
  1.942E-17  2.219E-17  3.449E-17  3.415E-17  1.921E-17
Total Ion Cross Section (cm^2)
  1.926E-20  2.750E-19  8.465E-19  1.700E-19  1.424E-19  2.274E-19  3.186E-19  4.848E-19  8.760E-19  1.237E-18
  1.586E-18  1.966E-18  2.350E-18  2.776E-18  3.208E-18  3.653E-18  4.163E-18  4.703E-18  5.279E-18  5.945E-18
  6.601E-18  7.273E-18  7.965E-18  8.667E-18  9.340E-18  9.862E-18  1.035E-17  1.071E-17  1.109E-17  1.150E-17
  1.197E-17  1.239E-17  1.278E-17  1.310E-17  1.340E-17  1.370E-17  1.404E-17  1.455E-17  1.509E-17  1.582E-17
  1.646E-17  1.722E-17  1.796E-17  1.868E-17  1.920E-17  1.980E-17  2.037E-17  2.065E-17  2.092E-17  2.096E-17
  2.097E-17  2.109E-17  2.123E-17  2.152E-17  2.164E-17  2.199E-17  2.209E-17  2.199E-17  2.135E-17  2.003E-17
  1.997E-17  1.620E-17  2.212E-17  1.682E-17  1.724E-17  1.710E-17  1.758E-17  1.400E-17  1.698E-17  1.597E-17
  1.750E-17  1.975E-17  2.437E-17  1.542E-17  1.109E-17
CO           + hv           = COP          + E            +              +             885.6
  2.464E-02  6.694E-02  1.113E-01  1.302E-01  2.132E-01  2.554E-01  3.041E-01  3.513E-01  3.967E-01  4.162E-01
  4.263E-01  4.348E-01  4.485E-01  4.609E-01  4.736E-01  4.888E-01  5.073E-01  5.216E-01  5.349E-01  5.402E-01
  5.467E-01  5.634E-01  5.771E-01  5.869E-01  6.041E-01  6.312E-01  6.610E-01  6.985E-01  7.243E-01  7.517E-01
  7.780E-01  8.081E-01  8.386E-01  8.673E-01  8.866E-01  9.016E-01  9.134E-01  9.218E-01  9.270E-01  9.328E-01
  9.398E-01  9.423E-01  9.417E-01  9.413E-01  9.436E-01  9.428E-01  9.458E-01  9.493E-01  9.540E-01  9.578E-01
  9.614E-01  9.682E-01  9.729E-01  9.783E-01  9.812E-01  9.930E-01  9.890E-01  9.857E-01  9.870E-01  9.856E-01
  9.871E-01  9.882E-01  9.944E-01  9.905E-01  9.885E-01  9.817E-01  9.767E-01  9.423E-01  9.410E-01  9.402E-01
  9.009E-01  8.900E-01  7.066E-01  4.516E-01  5.773E-01
CO           + hv           = C            + OP           + E            +             503.0
  4.869E-01  4.635E-01  4.399E-01  4.296E-01  3.851E-01  3.628E-01  3.370E-01  3.115E-01  2.865E-01  2.794E-01
  2.704E-01  2.654E-01  2.604E-01  2.543E-01  2.479E-01  2.370E-01  2.259E-01  2.221E-01  2.207E-01  2.196E-01
  2.129E-01  2.102E-01  2.033E-01  2.000E-01  1.928E-01  1.828E-01  1.658E-01  1.456E-01  1.329E-01  1.156E-01
  9.953E-02  8.573E-02  7.276E-02  6.225E-02  5.066E-02  4.054E-02  3.446E-02  3.093E-02  2.478E-02  1.719E-02
  6.319E-03  7.143E-03  5.621E-03  4.226E-03  3.435E-03  2.641E-03  2.768E-03  2.004E-03  1.996E-03  6.072E-04
  4.224E-05  0.000E+00  0.000E+00  0.000E+00  0.000E+00  0.000E+00  0.000E+00  0.000E+00  0.000E+00  0.000E+00
  0.000E+00  0.000E+00  0.000E+00  0.000E+00  0.000E+00  0.000E+00  0.000E+00  0.000E+00  0.000E+00  0.000E+00
  0.000E+00  0.000E+00  0.000E+00  0.000E+00  0.000E+00
CO           + hv           = O            + CP           + E            +             555.0
  4.884E-01  4.695E-01  4.488E-01  4.401E-01  4.016E-01  3.818E-01  3.589E-01  3.373E-01  3.168E-01  3.044E-01
  3.034E-01  2.998E-01  2.910E-01  2.848E-01  2.785E-01  2.742E-01  2.668E-01  2.563E-01  2.444E-01  2.402E-01
  2.404E-01  2.264E-01  2.196E-01  2.131E-01  2.031E-01  1.859E-01  1.732E-01  1.559E-01  1.428E-01  1.327E-01
  1.224E-01  1.062E-01  8.864E-02  7.048E-02  6.275E-02  5.787E-02  5.218E-02  4.723E-02  4.817E-02  5.004E-02
  5.389E-02  5.055E-02  5.271E-02  5.448E-02  5.295E-02  5.457E-02  5.146E-02  4.868E-02  4.403E-02  4.162E-02
  3.855E-02  3.185E-02  2.712E-02  2.173E-02  1.475E-02  1.208E-03  0.000E+00  0.000E+00  0.000E+00  0.000E+00
  0.000E+00  0.000E+00  0.000E+00  0.000E+00  0.000E+00  0.000E+00  0.000E+00  0.000E+00  0.000E+00  0.000E+00
  0.000E+00  0.000E+00  0.000E+00  0.000E+00  0.000E+00
CO           + hv           = C            + O            +              +             1118.0
  0.000E+00  0.000E+00  0.000E+00  0.000E+00  0.000E+00  0.000E+00  0.000E+00  0.000E+00  0.000E+00  0.000E+00
  0.000E+00  0.000E+00  0.000E+00  0.000E+00  0.000E+00  0.000E+00  0.000E+00  0.000E+00  0.000E+00  0.000E+00
  0.000E+00  0.000E+00  0.000E+00  0.000E+00  0.000E+00  0.000E+00  0.000E+00  0.000E+00  0.000E+00  0.000E+00
  0.000E+00  0.000E+00  0.000E+00  0.000E+00  0.000E+00  0.000E+00  0.000E+00  0.000E+00  0.000E+00  0.000E+00
  0.000E+00  0.000E+00  0.000E+00  0.000E+00  0.000E+00  0.000E+00  0.000E+00  0.000E+00  0.000E+00  0.000E+00
  0.000E+00  0.000E+00  0.000E+00  0.000E+00  0.000E+00  0.000E+00  0.000E+00  0.000E+00  0.000E+00  0.000E+00
  0.000E+00  0.000E+00  0.000E+00  0.000E+00  0.000E+00  1.829E-02  2.327E-02  5.776E-02  5.900E-02  5.975E-02
  9.906E-02  1.100E-01  2.934E-01  5.484E-01  4.226E-01
CO           + hv           = C            + O            + 156          +             651.3
  0.000E+00  0.000E+00  0.000E+00  0.000E+00  0.000E+00  0.000E+00  0.000E+00  0.000E+00  0.000E+00  0.000E+00
  0.000E+00  0.000E+00  0.000E+00  0.000E+00  0.000E+00  0.000E+00  0.000E+00  0.000E+00  0.000E+00  0.000E+00
  0.000E+00  0.000E+00  0.000E+00  0.000E+00  0.000E+00  0.000E+00  0.000E+00  0.000E+00  0.000E+00  0.000E+00
  0.000E+00  0.000E+00  0.000E+00  0.000E+00  0.000E+00  0.000E+00  0.000E+00  0.000E+00  0.000E+00  0.000E+00
  0.000E+00  0.000E+00  0.000E+00  0.000E+00  0.000E+00  0.000E+00  0.000E+00  0.000E+00  0.000E+00  0.000E+00
  0.000E+00  0.000E+00  0.000E+00  0.000E+00  0.000E+00  8.258E-04  2.299E-03  3.514E-03  4.340E-03  5.148E-03
  5.792E-03  6.273E-03  2.975E-03  2.001E-03  1.671E-03  0.000E+00  0.000E+00  0.000E+00  0.000E+00  0.000E+00
  0.000E+00  0.000E+00  0.000E+00  0.000E+00  0.000E+00
CO           + hv           = C            + O            + 166          +             667.6
  0.000E+00  0.000E+00  0.000E+00  0.000E+00  0.000E+00  0.000E+00  0.000E+00  0.000E+00  0.000E+00  0.000E+00
  0.000E+00  0.000E+00  0.000E+00  0.000E+00  0.000E+00  0.000E+00  0.000E+00  0.000E+00  0.000E+00  0.000E+00
  0.000E+00  0.000E+00  0.000E+00  0.000E+00  0.000E+00  0.000E+00  0.000E+00  0.000E+00  0.000E+00  0.000E+00
  0.000E+00  0.000E+00  0.000E+00  0.000E+00  0.000E+00  0.000E+00  0.000E+00  0.000E+00  0.000E+00  0.000E+00
  0.000E+00  0.000E+00  0.000E+00  0.000E+00  0.000E+00  0.000E+00  0.000E+00  0.000E+00  0.000E+00  0.000E+00
  0.000E+00  0.000E+00  0.000E+00  0.000E+00  0.000E+00  5.596E-03  8.948E-03  1.278E-02  1.428E-02  1.667E-02
  1.728E-02  1.561E-02  4.719E-03  2.244E-03  2.184E-03  0.000E+00  0.000E+00  0.000E+00  0.000E+00  0.000E+00
  0.000E+00  0.000E+00  0.000E+00  0.000E+00  0.000E+00
CO           + hv           = C            + O1D          + 193          +             597.7
  0.000E+00  0.000E+00  0.000E+00  0.000E+00  0.000E+00  0.000E+00  0.000E+00  0.000E+00  0.000E+00  0.000E+00
  0.000E+00  0.000E+00  0.000E+00  0.000E+00  0.000E+00  0.000E+00  0.000E+00  0.000E+00  0.000E+00  0.000E+00
  0.000E+00  0.000E+00  0.000E+00  0.000E+00  0.000E+00  0.000E+00  0.000E+00  0.000E+00  0.000E+00  0.000E+00
  0.000E+00  0.000E+00  0.000E+00  0.000E+00  0.000E+00  0.000E+00  0.000E+00  0.000E+00  0.000E+00  0.000E+00
  0.000E+00  0.000E+00  0.000E+00  0.000E+00  0.000E+00  0.000E+00  0.000E+00  0.000E+00  0.000E+00  0.000E+00
  0.000E+00  0.000E+00  0.000E+00  0.000E+00  6.484E-04  8.276E-03  8.779E-03  8.998E-03  1.000E-02  6.260E-03
  0.000E+00  0.000E+00  0.000E+00  0.000E+00  0.000E+00  0.000E+00  0.000E+00  0.000E+00  0.000E+00  0.000E+00
  0.000E+00  0.000E+00  0.000E+00  0.000E+00  0.000E+00
H           1
Total Absorption Cross Section (cm^2)
  5.820E-25  2.230E-23  1.114E-22  3.522E-22  7.908E-22  1.495E-21  2.555E-21  4.592E-21  6.034E-21  8.540E-21
  1.166E-20  1.545E-20  1.998E-20  2.531E-20  3.151E-20  3.862E-20  4.671E-20  5.584E-20  6.606E-20  7.743E-20
  8.999E-20  1.038E-19  1.189E-19  1.354E-19  1.533E-19  1.726E-19  1.934E-19  2.158E-19  2.398E-19  2.653E-19
  2.926E-19  3.215E-19  3.523E-19  3.848E-19  4.192E-19  4.554E-19  4.936E-19  5.337E-19  5.758E-19  6.199E-19
  6.661E-19  7.144E-19  7.648E-19  8.174E-19  8.722E-19  9.292E-19  9.884E-19  1.050E-18  1.114E-18  1.180E-18
  1.249E-18  1.320E-18  1.393E-18  1.469E-18  1.547E-18  1.628E-18  1.711E-18  1.797E-18  1.885E-18  1.976E-18
  2.070E-18  2.166E-18  2.265E-18  2.367E-18  2.471E-18  2.578E-18  2.689E-18  2.801E-18  2.916E-18  3.034E-18
  3.155E-18  3.279E-18  3.405E-18  3.535E-18  3.668E-18
Total Ionization Cross Section (cm^2)
  5.820E-25  2.230E-23  1.114E-22  3.522E-22  7.908E-22  1.495E-21  2.555E-21  4.592E-21  6.034E-21  8.540E-21
  1.166E-20  1.545E-20  1.998E-20  2.531E-20  3.151E-20  3.862E-20  4.671E-20  5.584E-20  6.606E-20  7.743E-20
  8.999E-20  1.038E-19  1.189E-19  1.354E-19  1.533E-19  1.726E-19  1.934E-19  2.158E-19  2.398E-19  2.653E-19
  2.926E-19  3.215E-19  3.523E-19  3.848E-19  4.192E-19  4.554E-19  4.936E-19  5.337E-19  5.758E-19  6.199E-19
  6.661E-19  7.144E-19  7.648E-19  8.174E-19  8.722E-19  9.292E-19  9.884E-19  1.050E-18  1.114E-18  1.180E-18
  1.249E-18  1.320E-18  1.393E-18  1.469E-18  1.547E-18  1.628E-18  1.711E-18  1.797E-18  1.885E-18  1.976E-18
  2.070E-18  2.166E-18  2.265E-18  2.367E-18  2.471E-18  2.578E-18  2.689E-18  2.801E-18  2.916E-18  3.034E-18
  3.155E-18  3.279E-18  3.405E-18  3.535E-18  3.668E-18
H            + hv           = HP           + E            +              +             912.0
  1.000E+00  1.000E+00  1.000E+00  1.000E+00  1.000E+00  1.000E+00  1.000E+00  1.000E+00  1.000E+00  1.000E+00
  1.000E+00  1.000E+00  1.000E+00  1.000E+00  1.000E+00  1.000E+00  1.000E+00  1.000E+00  1.000E+00  1.000E+00
  1.000E+00  1.000E+00  1.000E+00  1.000E+00  1.000E+00  1.000E+00  1.000E+00  1.000E+00  1.000E+00  1.000E+00
  1.000E+00  1.000E+00  1.000E+00  1.000E+00  1.000E+00  1.000E+00  1.000E+00  1.000E+00  1.000E+00  1.000E+00
  1.000E+00  1.000E+00  1.000E+00  1.000E+00  1.000E+00  1.000E+00  1.000E+00  1.000E+00  1.000E+00  1.000E+00
  1.000E+00  1.000E+00  1.000E+00  1.000E+00  1.000E+00  1.000E+00  1.000E+00  1.000E+00  1.000E+00  1.000E+00
  1.000E+00  1.000E+00  1.000E+00  1.000E+00  1.000E+00  1.000E+00  1.000E+00  1.000E+00  1.000E+00  1.000E+00
  1.000E+00  1.000E+00  1.000E+00  1.000E+00  1.000E+00
H2          3
Total Absorption Cross Section (cm^2)
  4.129E-24  7.985E-23  3.954E-22  1.150E-21  2.538E-21  4.733E-21  7.882E-21  1.210E-20  1.750E-20  2.418E-20
  3.228E-20  4.202E-20  5.375E-20  6.803E-20  8.557E-20  1.085E-19  1.356E-19  1.826E-19  2.173E-19  2.485E-19
  2.628E-19  3.455E-19  3.820E-19  4.409E-19  5.007E-19  6.189E-19  6.933E-19  7.378E-19  8.082E-19  9.167E-19
  1.028E-18  1.159E-18  1.366E-18  1.447E-18  1.546E-18  1.709E-18  1.882E-18  2.061E-18  2.222E-18  2.393E-18
  2.563E-18  2.724E-18  2.884E-18  3.040E-18  3.212E-18  3.450E-18  3.643E-18  3.795E-18  4.016E-18  4.263E-18
  4.506E-18  4.750E-18  5.011E-18  5.279E-18  5.543E-18  5.803E-18  6.007E-18  5.933E-18  5.821E-18  6.041E-18
  6.664E-18  7.287E-18  7.723E-18  7.940E-18  8.290E-18  8.650E-18  8.911E-18  9.202E-18  9.538E-18  9.904E-18
  1.016E-17  1.067E-17  1.099E-17  1.130E-17  1.123E-17
Total Ionization Cross Section (cm^2)
  4.129E-24  7.985E-23  3.954E-22  1.150E-21  2.538E-21  4.733E-21  7.882E-21  1.210E-20  1.750E-20  2.418E-20
  3.228E-20  4.202E-20  5.375E-20  6.803E-20  8.557E-20  1.085E-19  1.356E-19  1.826E-19  2.173E-19  2.485E-19
  2.628E-19  3.455E-19  3.820E-19  4.409E-19  5.007E-19  6.189E-19  6.933E-19  7.378E-19  8.082E-19  9.167E-19
  1.028E-18  1.159E-18  1.366E-18  1.447E-18  1.546E-18  1.709E-18  1.882E-18  2.061E-18  2.222E-18  2.393E-18
  2.563E-18  2.724E-18  2.884E-18  3.040E-18  3.212E-18  3.450E-18  3.643E-18  3.795E-18  4.016E-18  4.263E-18
  4.506E-18  4.750E-18  5.011E-18  5.279E-18  5.543E-18  5.803E-18  6.007E-18  5.933E-18  5.821E-18  6.041E-18
  6.664E-18  7.287E-18  7.723E-18  7.940E-18  8.290E-18  8.650E-18  8.911E-18  9.202E-18  9.538E-18  9.904E-18
  1.016E-17  1.063E-17  1.077E-17  1.061E-17  9.547E-18
H2           + hv           = H2P          + E            +              +             804.0
  9.000E-01  9.000E-01  9.000E-01  9.000E-01  9.000E-01  9.000E-01  9.000E-01  9.000E-01  9.000E-01  9.000E-01
  9.000E-01  9.000E-01  9.000E-01  9.000E-01  9.000E-01  9.000E-01  9.000E-01  9.000E-01  9.000E-01  9.000E-01
  9.000E-01  9.000E-01  9.000E-01  9.000E-01  9.000E-01  9.000E-01  9.000E-01  9.000E-01  9.000E-01  9.000E-01
  9.000E-01  9.000E-01  9.000E-01  9.000E-01  9.000E-01  9.000E-01  9.000E-01  9.000E-01  9.000E-01  9.000E-01
  9.000E-01  9.000E-01  9.000E-01  9.000E-01  9.000E-01  9.000E-01  9.000E-01  9.000E-01  9.000E-01  9.000E-01
  9.000E-01  9.000E-01  9.000E-01  9.000E-01  9.000E-01  9.000E-01  9.000E-01  9.000E-01  9.000E-01  9.000E-01
  9.000E-01  9.000E-01  9.000E-01  9.000E-01  9.000E-01  9.000E-01  9.000E-01  9.000E-01  9.000E-01  9.000E-01
  9.000E-01  8.966E-01  8.801E-01  8.392E-01  7.538E-01
H2           + hv           = HP           + H            + E            +             912.0
  1.000E-01  1.000E-01  1.000E-01  1.000E-01  1.000E-01  1.000E-01  1.000E-01  1.000E-01  1.000E-01  1.000E-01
  1.000E-01  1.000E-01  1.000E-01  1.000E-01  1.000E-01  1.000E-01  1.000E-01  1.000E-01  1.000E-01  1.000E-01
  1.000E-01  1.000E-01  1.000E-01  1.000E-01  1.000E-01  1.000E-01  1.000E-01  1.000E-01  1.000E-01  1.000E-01
  1.000E-01  1.000E-01  1.000E-01  1.000E-01  1.000E-01  1.000E-01  1.000E-01  1.000E-01  1.000E-01  1.000E-01
  1.000E-01  1.000E-01  1.000E-01  1.000E-01  1.000E-01  1.000E-01  1.000E-01  1.000E-01  1.000E-01  1.000E-01
  1.000E-01  1.000E-01  1.000E-01  1.000E-01  1.000E-01  1.000E-01  1.000E-01  1.000E-01  1.000E-01  1.000E-01
  1.000E-01  1.000E-01  1.000E-01  1.000E-01  1.000E-01  1.000E-01  1.000E-01  1.000E-01  1.000E-01  1.000E-01
  1.000E-01  9.962E-02  9.779E-02  9.324E-02  8.376E-02
H2           + hv           = H            + H            +              +             689.0
  0.000E+00  0.000E+00  0.000E+00  0.000E+00  0.000E+00  0.000E+00  0.000E+00  0.000E+00  0.000E+00  0.000E+00
  0.000E+00  0.000E+00  0.000E+00  0.000E+00  0.000E+00  0.000E+00  0.000E+00  0.000E+00  0.000E+00  0.000E+00
  0.000E+00  0.000E+00  0.000E+00  0.000E+00  0.000E+00  0.000E+00  0.000E+00  0.000E+00  0.000E+00  0.000E+00
  0.000E+00  0.000E+00  0.000E+00  0.000E+00  0.000E+00  0.000E+00  0.000E+00  0.000E+00  0.000E+00  0.000E+00
  0.000E+00  0.000E+00  0.000E+00  0.000E+00  0.000E+00  0.000E+00  0.000E+00  0.000E+00  0.000E+00  0.000E+00
  0.000E+00  0.000E+00  0.000E+00  0.000E+00  0.000E+00  0.000E+00  0.000E+00  0.000E+00  0.000E+00  0.000E+00
  0.000E+00  0.000E+00  0.000E+00  0.000E+00  0.000E+00  0.000E+00  0.000E+00  0.000E+00  0.000E+00  0.000E+00
  0.000E+00  3.825E-03  2.206E-02  6.755E-02  1.624E-01
O           1
Total Absorption Cross Section (cm^2)
  1.014E-20  7.736E-19  2.964E-18  5.658E-18  5.402E-20  7.685E-20  1.262E-19  1.933E-19  2.808E-19  3.913E-19
  5.276E-19  6.923E-19  8.883E-19  1.118E-18  1.385E-18  1.690E-18  2.038E-18  2.431E-18  2.871E-18  3.361E-18
  3.904E-18  4.502E-18  5.146E-18  5.591E-18  6.001E-18  6.345E-18  6.693E-18  7.041E-18  7.389E-18  7.737E-18
  8.055E-18  8.303E-18  8.589E-18  8.942E-18  9.206E-18  9.486E-18  9.680E-18  1.003E-17  1.016E-17  1.055E-17
  1.076E-17  1.094E-17  1.112E-17  1.127E-17  1.151E-17  1.169E-17  1.145E-17  1.216E-17  1.268E-17  1.229E-17
  1.220E-17  1.210E-17  1.204E-17  1.201E-17  1.197E-17  1.194E-17  1.190E-17  1.187E-17  1.184E-17  1.180E-17
  1.177E-17  1.173E-17  1.170E-17  1.167E-17  1.163E-17  1.160E-17  1.159E-17  1.032E-17  1.013E-17  1.018E-17
  1.000E-17  9.203E-18  1.031E-17  9.833E-18  5.229E-18
Total Ionization Cross Section (cm^2)
  1.014E-20  7.736E-19  2.964E-18  5.658E-18  8.429E-18  1.149E-17  1.203E-17  1.281E-17  1.316E-17  8.930E-18
  1.993E-19  9.904E-19  3.350E-18  6.017E-18  8.761E-18  1.102E-17  1.195E-17  1.295E-17  1.286E-17  7.284E-18
  1.208E-18  1.208E-18  3.720E-18  6.321E-18  9.084E-18  1.145E-17  1.188E-17  1.310E-17  1.205E-17  5.121E-18
  7.515E-20  1.442E-18  4.066E-18  6.651E-18  9.412E-18  1.154E-17  1.195E-17  1.326E-17  1.021E-17  3.961E-18
  1.648E-19  1.676E-18  4.390E-18  7.149E-18  9.727E-18  1.166E-17  1.204E-17  1.336E-17  9.223E-18  4.002E-18
  2.329E-19  1.973E-18  4.697E-18  7.478E-18  1.009E-17  1.180E-17  1.219E-17  1.341E-17  9.024E-18  3.760E-18
  3.755E-19  2.280E-18  4.999E-18  7.744E-18  1.022E-17  1.193E-17  1.240E-17  1.340E-17  9.607E-18  3.700E-18
  5.586E-19  2.600E-18  5.314E-18  8.068E-18  1.126E-17
O            + hv           = OP           + E            +              +             911.0
  1.000E+00  1.000E+00  1.000E+00  1.000E+00  1.000E+00  1.000E+00  1.000E+00  1.000E+00  1.000E+00  1.000E+00
  1.000E+00  1.000E+00  1.000E+00  1.000E+00  1.000E+00  1.000E+00  1.000E+00  1.000E+00  1.000E+00  1.000E+00
  1.000E+00  1.000E+00  1.000E+00  1.000E+00  1.000E+00  1.000E+00  1.000E+00  1.000E+00  1.000E+00  1.000E+00
  1.000E+00  1.000E+00  1.000E+00  1.000E+00  1.000E+00  1.000E+00  1.000E+00  1.000E+00  1.000E+00  1.000E+00
  1.000E+00  1.000E+00  1.000E+00  1.000E+00  1.000E+00  1.000E+00  1.000E+00  1.000E+00  1.000E+00  1.000E+00
  1.000E+00  1.000E+00  1.000E+00  1.000E+00  1.000E+00  1.000E+00  1.000E+00  1.000E+00  1.000E+00  1.000E+00
  1.000E+00  1.000E+00  1.000E+00  1.000E+00  1.000E+00  1.000E+00  1.000E+00  1.000E+00  1.000E+00  1.000E+00
  1.000E+00  1.000E+00  1.000E+00  1.000E+00  1.000E+00
He          1
Total Absorption Cross Section (cm^2)
  8.167E-23  8.825E-22  3.780E-21  9.699E-21  1.953E-20  3.572E-20  5.892E-20  9.052E-20  1.314E-19  1.842E-19
  2.481E-19  3.268E-19  4.036E-19  5.150E-19  5.898E-19  7.265E-19  8.426E-19  9.538E-19  1.109E-18  1.297E-18
  1.184E-18  1.567E-18  1.673E-18  1.827E-18  1.980E-18  2.129E-18  2.271E-18  2.437E-18  2.623E-18  2.808E-18
  2.994E-18  3.180E-18  3.366E-18  3.558E-18  3.766E-18  3.974E-18  4.182E-18  4.389E-18  4.597E-18  4.805E-18
  5.016E-18  5.233E-18  5.449E-18  5.666E-18  5.883E-18  6.100E-18  6.316E-18  6.533E-18  6.754E-18  6.974E-18
  7.194E-18  7.415E-18  0.000E+00  0.000E+00  0.000E+00  0.000E+00  0.000E+00  0.000E+00  0.000E+00  0.000E+00
  0.000E+00  0.000E+00  0.000E+00  0.000E+00  0.000E+00  0.000E+00  0.000E+00  0.000E+00  0.000E+00  0.000E+00
  0.000E+00  0.000E+00  0.000E+00  0.000E+00  0.000E+00
Total Ionization Cross Section (cm^2)
  8.167E-23  8.825E-22  3.780E-21  9.699E-21  1.953E-20  3.572E-20  5.892E-20  9.052E-20  1.314E-19  1.842E-19
  2.481E-19  3.268E-19  4.036E-19  5.150E-19  5.898E-19  7.265E-19  8.426E-19  9.538E-19  1.109E-18  1.297E-18
  1.184E-18  1.567E-18  1.673E-18  1.827E-18  1.980E-18  2.129E-18  2.271E-18  2.437E-18  2.623E-18  2.808E-18
  2.994E-18  3.180E-18  3.366E-18  3.558E-18  3.766E-18  3.974E-18  4.182E-18  4.389E-18  4.597E-18  4.805E-18
  5.016E-18  5.233E-18  5.449E-18  5.666E-18  5.883E-18  6.100E-18  6.316E-18  6.533E-18  6.754E-18  6.974E-18
  7.194E-18  7.415E-18  0.000E+00  0.000E+00  0.000E+00  0.000E+00  0.000E+00  0.000E+00  0.000E+00  0.000E+00
  0.000E+00  0.000E+00  0.000E+00  0.000E+00  0.000E+00  0.000E+00  0.000E+00  0.000E+00  0.000E+00  0.000E+00
  0.000E+00  0.000E+00  0.000E+00  0.000E+00  0.000E+00
He           + hv           = HeP          + E            +              +             504.0
  1.000E+00  1.000E+00  1.000E+00  1.000E+00  1.000E+00  1.000E+00  1.000E+00  1.000E+00  1.000E+00  1.000E+00
  1.000E+00  1.000E+00  1.000E+00  1.000E+00  1.000E+00  1.000E+00  1.000E+00  1.000E+00  1.000E+00  1.000E+00
  1.000E+00  1.000E+00  1.000E+00  1.000E+00  1.000E+00  1.000E+00  1.000E+00  1.000E+00  1.000E+00  1.000E+00
  1.000E+00  1.000E+00  1.000E+00  1.000E+00  1.000E+00  1.000E+00  1.000E+00  1.000E+00  1.000E+00  1.000E+00
  1.000E+00  1.000E+00  1.000E+00  1.000E+00  1.000E+00  1.000E+00  1.000E+00  1.000E+00  1.000E+00  1.000E+00
  1.000E+00  1.000E+00  0.000E+00  0.000E+00  0.000E+00  0.000E+00  0.000E+00  0.000E+00  0.000E+00  0.000E+00
  0.000E+00  0.000E+00  0.000E+00  0.000E+00  0.000E+00  0.000E+00  0.000E+00  0.000E+00  0.000E+00  0.000E+00
  0.000E+00  0.000E+00  0.000E+00  0.000E+00  0.000E+00
H2O         7
Total Absorption Cross Section (cm^2)
  4.322E-19  4.322E-19  4.322E-19  4.322E-19  4.322E-19  4.322E-19  4.322E-19  5.545E-19  7.408E-19  9.523E-19
  1.187E-18  1.460E-18  1.779E-18  2.121E-18  2.466E-18  2.839E-18  3.239E-18  3.631E-18  4.059E-18  4.529E-18
  5.023E-18  5.538E-18  5.962E-18  6.442E-18  6.966E-18  7.431E-18  7.878E-18  8.320E-18  8.902E-18  9.359E-18
  9.783E-18  1.026E-17  1.080E-17  1.125E-17  1.185E-17  1.239E-17  1.282E-17  1.326E-17  1.384E-17  1.421E-17
  1.465E-17  1.559E-17  1.613E-17  1.668E-17  1.725E-17  1.745E-17  1.764E-17  1.796E-17  1.853E-17  1.873E-17
  1.914E-17  1.989E-17  2.017E-17  2.038E-17  2.068E-17  2.104E-17  2.113E-17  2.140E-17  2.172E-17  2.189E-17
  2.213E-17  2.246E-17  2.265E-17  2.271E-17  2.271E-17  2.277E-17  2.257E-17  2.239E-17  2.259E-17  2.239E-17
  2.214E-17  2.176E-17  2.164E-17  2.146E-17  2.052E-17
Total Ionization Cross Section (cm^2)
  4.322E-19  4.322E-19  4.322E-19  4.322E-19  4.322E-19  4.322E-19  4.322E-19  5.545E-19  7.408E-19  9.523E-19
  1.187E-18  1.460E-18  1.779E-18  2.121E-18  2.466E-18  2.839E-18  3.239E-18  3.631E-18  4.059E-18  4.529E-18
  5.023E-18  5.538E-18  5.962E-18  6.442E-18  6.966E-18  7.431E-18  7.878E-18  8.320E-18  8.902E-18  9.359E-18
  9.783E-18  1.026E-17  1.080E-17  1.125E-17  1.185E-17  1.239E-17  1.282E-17  1.326E-17  1.384E-17  1.421E-17
  1.465E-17  1.559E-17  1.613E-17  1.668E-17  1.725E-17  1.745E-17  1.764E-17  1.796E-17  1.853E-17  1.873E-17
  1.914E-17  1.989E-17  2.017E-17  2.038E-17  2.068E-17  2.104E-17  2.113E-17  2.125E-17  2.161E-17  2.185E-17
  2.204E-17  2.208E-17  2.199E-17  2.174E-17  2.134E-17  2.073E-17  1.981E-17  1.868E-17  1.767E-17  1.728E-17
  1.706E-17  1.659E-17  1.634E-17  1.614E-17  1.548E-17
H2O          + hv           = H2OP         + E            +              +             984.0
  5.590E-01  5.590E-01  5.590E-01  5.590E-01  5.590E-01  5.590E-01  5.590E-01  5.590E-01  5.590E-01  5.590E-01
  5.590E-01  5.697E-01  5.762E-01  5.807E-01  5.840E-01  5.846E-01  5.835E-01  5.827E-01  5.821E-01  5.817E-01
  5.823E-01  5.838E-01  5.850E-01  5.861E-01  5.870E-01  5.907E-01  5.967E-01  6.020E-01  6.068E-01  6.110E-01
  6.163E-01  6.222E-01  6.274E-01  6.319E-01  6.358E-01  6.385E-01  6.401E-01  6.417E-01  6.432E-01  6.447E-01
  6.470E-01  6.501E-01  6.528E-01  6.553E-01  6.577E-01  6.582E-01  6.571E-01  6.561E-01  6.552E-01  6.543E-01
  6.532E-01  6.520E-01  6.508E-01  6.496E-01  6.485E-01  6.470E-01  6.453E-01  6.388E-01  6.385E-01  6.388E-01
  6.381E-01  6.327E-01  6.275E-01  6.213E-01  6.122E-01  6.103E-01  6.200E-01  6.206E-01  6.115E-01  6.337E-01
  6.574E-01  6.696E-01  6.830E-01  7.014E-01  7.261E-01
H2O          + hv           = OHP          + H            + E            +             745.0
  1.384E-01  1.384E-01  1.384E-01  1.384E-01  1.384E-01  1.384E-01  1.384E-01  1.384E-01  1.384E-01  1.384E-01
  1.384E-01  1.452E-01  1.495E-01  1.524E-01  1.545E-01  1.600E-01  1.670E-01  1.720E-01  1.759E-01  1.789E-01
  1.824E-01  1.862E-01  1.894E-01  1.922E-01  1.945E-01  1.974E-01  2.008E-01  2.038E-01  2.065E-01  2.089E-01
  2.121E-01  2.158E-01  2.190E-01  2.218E-01  2.243E-01  2.264E-01  2.283E-01  2.302E-01  2.319E-01  2.335E-01
  2.365E-01  2.406E-01  2.442E-01  2.476E-01  2.507E-01  2.534E-01  2.560E-01  2.583E-01  2.605E-01  2.626E-01
  2.641E-01  2.650E-01  2.659E-01  2.668E-01  2.676E-01  2.692E-01  2.715E-01  2.716E-01  2.742E-01  2.771E-01
  2.782E-01  2.761E-01  2.740E-01  2.715E-01  2.677E-01  2.484E-01  2.168E-01  1.839E-01  1.510E-01  1.272E-01
  1.072E-01  8.806E-02  6.838E-02  4.826E-02  2.728E-02
H2O          + hv           = HP           + OH           + E            +             745.0
  2.352E-01  2.352E-01  2.352E-01  2.352E-01  2.352E-01  2.352E-01  2.352E-01  2.352E-01  2.352E-01  2.352E-01
  2.352E-01  2.230E-01  2.154E-01  2.103E-01  2.066E-01  2.026E-01  1.989E-01  1.962E-01  1.942E-01  1.926E-01
  1.903E-01  1.875E-01  1.851E-01  1.831E-01  1.813E-01  1.765E-01  1.690E-01  1.624E-01  1.564E-01  1.511E-01
  1.446E-01  1.374E-01  1.312E-01  1.257E-01  1.209E-01  1.173E-01  1.146E-01  1.121E-01  1.096E-01  1.073E-01
  1.035E-01  9.856E-02  9.407E-02  8.997E-02  8.622E-02  8.405E-02  8.327E-02  8.254E-02  8.186E-02  8.122E-02
  8.111E-02  8.150E-02  8.188E-02  8.226E-02  8.262E-02  8.273E-02  8.260E-02  8.186E-02  8.190E-02  8.203E-02
  7.971E-02  7.458E-02  6.963E-02  6.472E-02  5.968E-02  5.144E-02  4.068E-02  2.996E-02  1.966E-02  1.085E-02
  5.906E-03  4.690E-03  3.435E-03  2.146E-03  7.945E-04
H2O          + hv           = OP           + H2           + E            +             605.0
  6.743E-02  6.743E-02  6.743E-02  6.743E-02  6.743E-02  6.743E-02  6.743E-02  6.743E-02  6.743E-02  6.743E-02
  6.743E-02  6.211E-02  5.882E-02  5.659E-02  5.497E-02  5.285E-02  5.062E-02  4.901E-02  4.780E-02  4.685E-02
  4.502E-02  4.253E-02  4.044E-02  3.866E-02  3.713E-02  3.540E-02  3.351E-02  3.183E-02  3.032E-02  2.897E-02
  2.699E-02  2.456E-02  2.245E-02  2.061E-02  1.898E-02  1.778E-02  1.691E-02  1.607E-02  1.527E-02  1.451E-02
  1.297E-02  1.082E-02  8.865E-03  7.080E-03  5.445E-03  4.326E-03  3.659E-03  3.035E-03  2.450E-03  1.902E-03
  1.594E-03  1.502E-03  1.412E-03  1.325E-03  1.239E-03  1.068E-03  8.161E-04  5.687E-04  3.361E-04  1.105E-04
  0.000E+00  0.000E+00  0.000E+00  0.000E+00  0.000E+00  0.000E+00  0.000E+00  0.000E+00  0.000E+00  0.000E+00
  0.000E+00  0.000E+00  0.000E+00  0.000E+00  0.000E+00
H2O          + hv           = OH           + H            +              +             2398.2
  0.000E+00  0.000E+00  0.000E+00  0.000E+00  0.000E+00  0.000E+00  0.000E+00  0.000E+00  0.000E+00  0.000E+00
  0.000E+00  0.000E+00  0.000E+00  0.000E+00  0.000E+00  0.000E+00  0.000E+00  0.000E+00  0.000E+00  0.000E+00
  0.000E+00  0.000E+00  0.000E+00  0.000E+00  0.000E+00  0.000E+00  0.000E+00  0.000E+00  0.000E+00  0.000E+00
  0.000E+00  0.000E+00  0.000E+00  0.000E+00  0.000E+00  0.000E+00  0.000E+00  0.000E+00  0.000E+00  0.000E+00
  0.000E+00  0.000E+00  0.000E+00  0.000E+00  0.000E+00  0.000E+00  0.000E+00  0.000E+00  0.000E+00  0.000E+00
  0.000E+00  0.000E+00  0.000E+00  0.000E+00  0.000E+00  0.000E+00  0.000E+00  5.529E-03  3.951E-03  1.519E-03
  3.068E-03  1.301E-02  2.257E-02  3.319E-02  4.711E-02  7.006E-02  9.558E-02  1.291E-01  1.699E-01  1.780E-01
  1.790E-01  1.854E-01  1.912E-01  1.936E-01  1.918E-01
H2O          + hv           = O1D          + H2           +              +             1763.0
  0.000E+00  0.000E+00  0.000E+00  0.000E+00  0.000E+00  0.000E+00  0.000E+00  0.000E+00  0.000E+00  0.000E+00
  0.000E+00  0.000E+00  0.000E+00  0.000E+00  0.000E+00  0.000E+00  0.000E+00  0.000E+00  0.000E+00  0.000E+00
  0.000E+00  0.000E+00  0.000E+00  0.000E+00  0.000E+00  0.000E+00  0.000E+00  0.000E+00  0.000E+00  0.000E+00
  0.000E+00  0.000E+00  0.000E+00  0.000E+00  0.000E+00  0.000E+00  0.000E+00  0.000E+00  0.000E+00  0.000E+00
  0.000E+00  0.000E+00  0.000E+00  0.000E+00  0.000E+00  0.000E+00  0.000E+00  0.000E+00  0.000E+00  0.000E+00
  0.000E+00  0.000E+00  0.000E+00  0.000E+00  0.000E+00  0.000E+00  0.000E+00  7.798E-04  5.571E-04  2.142E-04
  4.327E-04  1.835E-03  3.183E-03  4.681E-03  6.644E-03  9.880E-03  1.348E-02  1.821E-02  2.396E-02  2.511E-02
  2.525E-02  2.614E-02  2.697E-02  2.730E-02  2.704E-02
H2O          + hv           = O            + H            + H            +             1290.5
  0.000E+00  0.000E+00  0.000E+00  0.000E+00  0.000E+00  0.000E+00  0.000E+00  0.000E+00  0.000E+00  0.000E+00
  0.000E+00  0.000E+00  0.000E+00  0.000E+00  0.000E+00  0.000E+00  0.000E+00  0.000E+00  0.000E+00  0.000E+00
  0.000E+00  0.000E+00  0.000E+00  0.000E+00  0.000E+00  0.000E+00  0.000E+00  0.000E+00  0.000E+00  0.000E+00
  0.000E+00  0.000E+00  0.000E+00  0.000E+00  0.000E+00  0.000E+00  0.000E+00  0.000E+00  0.000E+00  0.000E+00
  0.000E+00  0.000E+00  0.000E+00  0.000E+00  0.000E+00  0.000E+00  0.000E+00  0.000E+00  0.000E+00  0.000E+00
  0.000E+00  0.000E+00  0.000E+00  0.000E+00  0.000E+00  0.000E+00  0.000E+00  7.798E-04  5.571E-04  2.142E-04
  4.327E-04  1.835E-03  3.183E-03  4.681E-03  6.644E-03  9.880E-03  1.348E-02  1.821E-02  2.396E-02  2.511E-02
  2.525E-02  2.614E-02  2.697E-02  2.730E-02  2.704E-02
NO          2
Total Absorption Cross Section (cm^2)
  6.194E-19  6.194E-19  6.194E-19  6.194E-19  6.194E-19  6.194E-19  6.194E-19  7.318E-19  9.895E-19  1.385E-18
  1.712E-18  2.008E-18  2.454E-18  2.857E-18  3.393E-18  4.029E-18  4.634E-18  5.214E-18  5.822E-18  6.438E-18
  6.978E-18  7.750E-18  8.683E-18  9.332E-18  1.019E-17  1.093E-17  1.140E-17  1.176E-17  1.215E-17  1.244E-17
  1.270E-17  1.320E-17  1.382E-17  1.418E-17  1.463E-17  1.533E-17  1.593E-17  1.674E-17  1.764E-17  1.829E-17
  1.885E-17  1.950E-17  2.028E-17  2.089E-17  2.181E-17  2.252E-17  2.297E-17  2.392E-17  2.397E-17  2.430E-17
  2.427E-17  2.465E-17  2.447E-17  2.446E-17  2.471E-17  2.484E-17  2.474E-17  2.441E-17  2.409E-17  2.497E-17
  2.401E-17  2.411E-17  2.265E-17  2.118E-17  2.166E-17  2.104E-17  1.910E-17  1.843E-17  1.985E-17  2.187E-17
  2.149E-17  1.971E-17  2.360E-17  2.143E-17  1.815E-17
Total Ionization Cross Section (cm^2)
  6.194E-19  6.194E-19  6.194E-19  6.194E-19  6.194E-19  6.194E-19  6.194E-19  7.318E-19  9.895E-19  1.385E-18
  1.712E-18  2.008E-18  2.454E-18  2.857E-18  3.393E-18  4.029E-18  4.634E-18  5.214E-18  5.822E-18  6.438E-18
  6.978E-18  7.750E-18  8.683E-18  9.332E-18  1.019E-17  1.093E-17  1.140E-17  1.176E-17  1.215E-17  1.244E-17
  1.270E-17  1.320E-17  1.382E-17  1.418E-17  1.463E-17  1.533E-17  1.593E-17  1.674E-17  1.764E-17  1.829E-17
  1.885E-17  1.950E-17  2.028E-17  2.089E-17  2.181E-17  2.252E-17  2.297E-17  2.392E-17  2.397E-17  2.430E-17
  2.427E-17  2.465E-17  2.447E-17  2.446E-17  2.471E-17  2.484E-17  2.474E-17  2.431E-17  2.232E-17  2.302E-17
  2.276E-17  2.296E-17  2.215E-17  2.053E-17  2.050E-17  2.029E-17  1.865E-17  1.770E-17  1.837E-17  1.997E-17
  1.843E-17  1.631E-17  1.862E-17  1.655E-17  1.257E-17
NO           + hv           = NOP          + E            +              +             1338.3
  1.000E+00  1.000E+00  1.000E+00  1.000E+00  1.000E+00  1.000E+00  1.000E+00  1.000E+00  1.000E+00  1.000E+00
  1.000E+00  1.000E+00  1.000E+00  1.000E+00  1.000E+00  1.000E+00  1.000E+00  1.000E+00  1.000E+00  1.000E+00
  1.000E+00  1.000E+00  1.000E+00  1.000E+00  1.000E+00  1.000E+00  1.000E+00  1.000E+00  1.000E+00  1.000E+00
  1.000E+00  1.000E+00  1.000E+00  1.000E+00  1.000E+00  1.000E+00  1.000E+00  1.000E+00  1.000E+00  1.000E+00
  1.000E+00  1.000E+00  1.000E+00  1.000E+00  1.000E+00  1.000E+00  1.000E+00  1.000E+00  1.000E+00  1.000E+00
  1.000E+00  1.000E+00  1.000E+00  1.000E+00  1.000E+00  1.000E+00  1.000E+00  9.961E-01  9.267E-01  9.218E-01
  9.477E-01  9.521E-01  9.782E-01  9.692E-01  9.467E-01  9.644E-01  9.765E-01  9.602E-01  9.256E-01  9.132E-01
  8.578E-01  8.276E-01  7.892E-01  7.723E-01  6.926E-01
NO           + hv           = N            + O            +              +             1894.0
  0.000E+00  0.000E+00  0.000E+00  0.000E+00  0.000E+00  0.000E+00  0.000E+00  0.000E+00  0.000E+00  0.000E+00
  0.000E+00  0.000E+00  0.000E+00  0.000E+00  0.000E+00  0.000E+00  0.000E+00  0.000E+00  0.000E+00  0.000E+00
  0.000E+00  0.000E+00  0.000E+00  0.000E+00  0.000E+00  0.000E+00  0.000E+00  0.000E+00  0.000E+00  0.000E+00
  0.000E+00  0.000E+00  0.000E+00  0.000E+00  0.000E+00  0.000E+00  0.000E+00  0.000E+00  0.000E+00  0.000E+00
  0.000E+00  0.000E+00  0.000E+00  0.000E+00  0.000E+00  0.000E+00  0.000E+00  0.000E+00  0.000E+00  0.000E+00
  0.000E+00  0.000E+00  0.000E+00  0.000E+00  0.000E+00  0.000E+00  0.000E+00  3.867E-03  7.329E-02  7.819E-02
  5.234E-02  4.787E-02  2.184E-02  3.075E-02  5.330E-02  3.563E-02  2.347E-02  3.976E-02  7.441E-02  8.684E-02
  1.422E-01  1.724E-01  2.108E-01  2.277E-01  3.074E-01
