   200      1      0      0      0
MEAN ENERGY IN BINS
  1.000e-01  3.000e-01  5.000e-01  7.100e-01  9.300e-01  1.150e+00  1.380e+00  1.610e+00  1.840e+00  2.090e+00
  2.340e+00  2.590e+00  2.850e+00  3.120e+00  3.390e+00  3.670e+00  3.960e+00  4.260e+00  4.560e+00  4.870e+00
  5.180e+00  5.510e+00  5.840e+00  6.180e+00  6.530e+00  6.890e+00  7.250e+00  7.630e+00  8.010e+00  8.410e+00
  8.810e+00  9.220e+00  9.650e+00  1.008e+01  1.053e+01  1.098e+01  1.145e+01  1.193e+01  1.242e+01  1.292e+01
  1.343e+01  1.396e+01  1.450e+01  1.505e+01  1.562e+01  1.620e+01  1.679e+01  1.740e+01  1.802e+01  1.866e+01
  1.932e+01  1.999e+01  2.067e+01  2.138e+01  2.210e+01  2.284e+01  2.360e+01  2.437e+01  2.517e+01  2.598e+01
  2.681e+01  2.767e+01  2.854e+01  2.944e+01  3.036e+01  3.130e+01  3.226e+01  3.325e+01  3.426e+01  3.530e+01
  3.636e+01  3.745e+01  3.857e+01  3.971e+01  4.088e+01  4.208e+01  4.331e+01  4.456e+01  4.585e+01  4.717e+01
  4.853e+01  4.991e+01  5.133e+01  5.279e+01  5.428e+01  5.581e+01  5.737e+01  5.897e+01  6.062e+01  6.230e+01
  6.402e+01  6.579e+01  6.760e+01  6.945e+01  7.135e+01  7.329e+01  7.529e+01  7.733e+01  7.942e+01  8.156e+01
  8.376e+01  8.601e+01  8.831e+01  9.067e+01  9.309e+01  9.557e+01  9.811e+01  1.007e+02  1.034e+02  1.061e+02
  1.089e+02  1.118e+02  1.147e+02  1.177e+02  1.208e+02  1.240e+02  1.272e+02  1.305e+02  1.339e+02  1.374e+02
  1.409e+02  1.446e+02  1.483e+02  1.522e+02  1.561e+02  1.601e+02  1.642e+02  1.684e+02  1.728e+02  1.772e+02
  1.817e+02  1.864e+02  1.911e+02  1.960e+02  2.010e+02  2.061e+02  2.114e+02  2.168e+02  2.223e+02  2.279e+02
  2.337e+02  2.396e+02  2.457e+02  2.519e+02  2.583e+02  2.648e+02  2.715e+02  2.783e+02  2.853e+02  2.925e+02
  2.999e+02  3.074e+02  3.151e+02  3.231e+02  3.312e+02  3.395e+02  3.480e+02  3.567e+02  3.657e+02  3.748e+02
  3.842e+02  3.938e+02  4.036e+02  4.137e+02  4.241e+02  4.346e+02  4.455e+02  4.566e+02  4.680e+02  4.796e+02
  4.916e+02  5.038e+02  5.164e+02  5.292e+02  5.424e+02  5.559e+02  5.697e+02  5.838e+02  5.983e+02  6.132e+02
  6.284e+02  6.440e+02  6.600e+02  6.763e+02  6.931e+02  7.103e+02  7.279e+02  7.459e+02  7.644e+02  7.833e+02
  8.027e+02  8.225e+02  8.429e+02  8.637e+02  8.851e+02  9.070e+02  9.294e+02  9.523e+02  9.759e+02  1.000e+03
WIDTH OF ENERGY BINS
  2.000e-01  2.000e-01  2.008e-01  2.100e-01  2.201e-01  2.206e-01  2.309e-01  2.316e-01  2.422e-01  2.432e-01
  2.541e-01  2.554e-01  2.666e-01  2.682e-01  2.797e-01  2.816e-01  2.934e-01  2.957e-01  3.079e-01  3.105e-01
  3.230e-01  3.260e-01  3.389e-01  3.423e-01  3.556e-01  3.594e-01  3.731e-01  3.773e-01  3.915e-01  3.962e-01
  4.108e-01  4.159e-01  4.310e-01  4.367e-01  4.523e-01  4.585e-01  4.746e-01  4.813e-01  4.980e-01  5.053e-01
  5.226e-01  5.305e-01  5.484e-01  5.569e-01  5.755e-01  5.847e-01  6.039e-01  6.138e-01  6.337e-01  6.443e-01
  6.650e-01  6.764e-01  6.979e-01  7.101e-01  7.324e-01  7.454e-01  7.686e-01  7.825e-01  8.066e-01  8.214e-01
  8.464e-01  8.623e-01  8.883e-01  9.052e-01  9.322e-01  9.502e-01  9.783e-01  9.974e-01  1.027e+00  1.047e+00
  1.078e+00  1.099e+00  1.131e+00  1.154e+00  1.187e+00  1.211e+00  1.246e+00  1.271e+00  1.307e+00  1.334e+00
  1.372e+00  1.401e+00  1.440e+00  1.470e+00  1.511e+00  1.543e+00  1.586e+00  1.620e+00  1.664e+00  1.700e+00
  1.747e+00  1.785e+00  1.833e+00  1.873e+00  1.924e+00  1.966e+00  2.019e+00  2.064e+00  2.120e+00  2.167e+00
  2.225e+00  2.274e+00  2.335e+00  2.387e+00  2.450e+00  2.506e+00  2.572e+00  2.630e+00  2.699e+00  2.760e+00
  2.833e+00  2.897e+00  2.973e+00  3.041e+00  3.121e+00  3.192e+00  3.275e+00  3.351e+00  3.438e+00  3.517e+00
  3.608e+00  3.691e+00  3.787e+00  3.875e+00  3.974e+00  4.067e+00  4.171e+00  4.269e+00  4.378e+00  4.480e+00
  4.595e+00  4.703e+00  4.823e+00  4.936e+00  5.062e+00  5.181e+00  5.313e+00  5.438e+00  5.576e+00  5.708e+00
  5.853e+00  5.991e+00  6.143e+00  6.288e+00  6.447e+00  6.600e+00  6.767e+00  6.928e+00  7.102e+00  7.271e+00
  7.454e+00  7.632e+00  7.824e+00  8.011e+00  8.212e+00  8.408e+00  8.619e+00  8.825e+00  9.046e+00  9.263e+00
  9.495e+00  9.722e+00  9.966e+00  1.020e+01  1.046e+01  1.071e+01  1.098e+01  1.124e+01  1.152e+01  1.180e+01
  1.209e+01  1.239e+01  1.269e+01  1.300e+01  1.332e+01  1.364e+01  1.398e+01  1.432e+01  1.468e+01  1.503e+01
  1.540e+01  1.578e+01  1.617e+01  1.656e+01  1.697e+01  1.738e+01  1.781e+01  1.824e+01  1.869e+01  1.915e+01
  1.962e+01  2.010e+01  2.059e+01  2.109e+01  2.162e+01  2.214e+01  2.269e+01  2.324e+01  2.381e+01  2.449e+01
CO2           19    0   10
TOTAL ELASTIC CROSS SECTION
  5.486e-16  5.378e-16  5.270e-16  5.157e-16  5.038e-16  4.917e-16  4.793e-16  4.648e-16  4.482e-16  4.428e-16
  4.592e-16  4.795e-16  5.079e-16  5.506e-16  6.127e-16  7.365e-16  8.160e-16  6.829e-16  5.824e-16  5.947e-16
  6.104e-16  6.299e-16  6.500e-16  6.713e-16  6.937e-16  7.175e-16  7.445e-16  7.750e-16  8.068e-16  8.416e-16
  8.778e-16  9.165e-16  9.590e-16  9.986e-16  1.019e-15  1.041e-15  1.063e-15  1.087e-15  1.111e-15  1.137e-15
  1.164e-15  1.192e-15  1.222e-15  1.251e-15  1.261e-15  1.271e-15  1.282e-15  1.292e-15  1.304e-15  1.315e-15
  1.327e-15  1.340e-15  1.343e-15  1.345e-15  1.348e-15  1.351e-15  1.354e-15  1.357e-15  1.359e-15  1.356e-15
  1.353e-15  1.349e-15  1.346e-15  1.342e-15  1.334e-15  1.319e-15  1.305e-15  1.289e-15  1.274e-15  1.258e-15
  1.243e-15  1.227e-15  1.210e-15  1.194e-15  1.177e-15  1.159e-15  1.142e-15  1.124e-15  1.106e-15  1.088e-15
  1.069e-15  1.051e-15  1.038e-15  1.024e-15  1.010e-15  9.967e-16  9.829e-16  9.689e-16  9.564e-16  9.468e-16
  9.371e-16  9.272e-16  9.172e-16  9.070e-16  8.967e-16  8.864e-16  8.758e-16  8.651e-16  8.543e-16  8.434e-16
  8.323e-16  8.212e-16  8.099e-16  7.985e-16  7.870e-16  7.754e-16  7.636e-16  7.529e-16  7.449e-16  7.369e-16
  7.287e-16  7.204e-16  7.121e-16  7.036e-16  6.950e-16  6.863e-16  6.776e-16  6.687e-16  6.597e-16  6.506e-16
  6.415e-16  6.322e-16  6.228e-16  6.134e-16  6.039e-16  5.943e-16  5.847e-16  5.749e-16  5.651e-16  5.552e-16
  5.453e-16  5.353e-16  5.252e-16  5.151e-16  5.058e-16  4.998e-16  4.936e-16  4.875e-16  4.812e-16  4.749e-16
  4.685e-16  4.620e-16  4.555e-16  4.489e-16  4.422e-16  4.355e-16  4.288e-16  4.219e-16  4.150e-16  4.081e-16
  4.011e-16  3.960e-16  3.909e-16  3.858e-16  3.805e-16  3.753e-16  3.699e-16  3.646e-16  3.591e-16  3.537e-16
  3.481e-16  3.425e-16  3.374e-16  3.331e-16  3.286e-16  3.242e-16  3.197e-16  3.151e-16  3.106e-16  3.059e-16
  3.012e-16  2.968e-16  2.929e-16  2.889e-16  2.849e-16  2.809e-16  2.768e-16  2.726e-16  2.685e-16  2.648e-16
  2.613e-16  2.576e-16  2.540e-16  2.503e-16  2.465e-16  2.430e-16  2.396e-16  2.361e-16  2.326e-16  2.291e-16
  2.256e-16  2.225e-16  2.194e-16  2.163e-16  2.132e-16  2.101e-16  2.074e-16  2.046e-16  2.018e-16  1.990e-16
TOTAL INELASTIC CROSS SECTION
  2.032e-16  2.976e-16  3.238e-16  2.509e-16  2.086e-16  1.768e-16  1.466e-16  1.292e-16  1.260e-16  1.282e-16
  1.436e-16  1.625e-16  1.866e-16  2.230e-16  2.813e-16  3.367e-16  3.516e-16  2.893e-16  2.291e-16  1.682e-16
  1.341e-16  1.147e-16  9.850e-17  8.786e-17  8.143e-17  7.543e-17  6.998e-17  6.476e-17  6.004e-17  5.558e-17
  5.163e-17  4.811e-17  4.495e-17  4.265e-17  4.205e-17  4.179e-17  4.202e-17  4.285e-17  4.433e-17  4.649e-17
  4.931e-17  5.297e-17  5.846e-17  6.561e-17  7.512e-17  8.555e-17  9.657e-17  1.081e-16  1.199e-16  1.320e-16
  1.498e-16  1.648e-16  1.792e-16  1.941e-16  2.085e-16  2.230e-16  2.374e-16  2.515e-16  2.670e-16  2.832e-16
  2.993e-16  3.153e-16  3.310e-16  3.470e-16  3.620e-16  3.697e-16  3.848e-16  3.997e-16  4.146e-16  4.295e-16
  4.438e-16  4.580e-16  4.711e-16  4.847e-16  4.983e-16  5.117e-16  5.243e-16  5.367e-16  5.490e-16  5.612e-16
  5.726e-16  5.836e-16  5.941e-16  6.043e-16  6.141e-16  6.235e-16  6.323e-16  6.407e-16  6.488e-16  6.564e-16
  6.636e-16  6.705e-16  6.769e-16  6.826e-16  6.880e-16  6.928e-16  6.972e-16  7.008e-16  7.041e-16  7.067e-16
  7.090e-16  7.109e-16  7.126e-16  7.135e-16  7.139e-16  7.139e-16  7.136e-16  7.129e-16  7.119e-16  7.107e-16
  7.091e-16  7.073e-16  7.050e-16  7.026e-16  6.999e-16  6.970e-16  6.939e-16  6.906e-16  6.871e-16  6.832e-16
  6.791e-16  6.750e-16  6.707e-16  6.661e-16  6.614e-16  6.566e-16  6.518e-16  6.468e-16  6.415e-16  6.361e-16
  6.306e-16  6.250e-16  6.193e-16  6.133e-16  6.073e-16  6.012e-16  5.951e-16  5.888e-16  5.825e-16  5.761e-16
  5.697e-16  5.632e-16  5.568e-16  5.504e-16  5.439e-16  5.375e-16  5.311e-16  5.248e-16  5.184e-16  5.121e-16
  5.057e-16  4.994e-16  4.931e-16  4.868e-16  4.806e-16  4.743e-16  4.680e-16  4.618e-16  4.557e-16  4.497e-16
  4.436e-16  4.376e-16  4.249e-16  4.187e-16  4.125e-16  4.064e-16  4.004e-16  3.944e-16  3.885e-16  3.826e-16
  3.768e-16  3.710e-16  3.653e-16  3.596e-16  3.540e-16  3.485e-16  3.430e-16  3.376e-16  3.323e-16  3.270e-16
  3.218e-16  3.166e-16  3.115e-16  3.065e-16  3.015e-16  2.966e-16  2.917e-16  2.869e-16  2.822e-16  2.775e-16
  2.729e-16  2.684e-16  2.639e-16  2.594e-16  2.551e-16  2.508e-16  2.465e-16  2.423e-16  2.382e-16  2.341e-16
VIB(100)        0.180
  0.000e+00  1.173e-16  7.251e-17  5.518e-17  4.592e-17  3.821e-17  3.153e-17  3.087e-17  3.725e-17  4.534e-17
  5.463e-17  6.582e-17  7.989e-17  9.731e-17  1.179e-16  1.290e-16  1.160e-16  8.055e-17  5.496e-17  2.638e-17
  1.619e-17  1.241e-17  9.506e-18  8.210e-18  7.802e-18  7.404e-18  7.027e-18  6.649e-18  6.291e-18  5.936e-18
  5.600e-18  5.276e-18  4.956e-18  4.656e-18  4.361e-18  4.085e-18  3.815e-18  3.558e-18  3.313e-18  3.081e-18
  2.860e-18  2.648e-18  2.448e-18  2.260e-18  2.234e-18  2.232e-18  2.229e-18  2.227e-18  2.224e-18  2.221e-18
  2.218e-18  2.215e-18  2.212e-18  2.209e-18  2.206e-18  2.203e-18  2.200e-18  2.196e-18  2.193e-18  2.189e-18
  2.186e-18  2.182e-18  2.179e-18  2.175e-18  1.326e-18  1.296e-18  1.267e-18  1.239e-18  1.211e-18  1.185e-18
  1.159e-18  1.134e-18  1.109e-18  1.085e-18  1.062e-18  1.039e-18  1.017e-18  9.956e-19  9.746e-19  9.541e-19
  9.341e-19  9.147e-19  8.957e-19  8.772e-19  8.591e-19  8.414e-19  8.243e-19  8.075e-19  7.910e-19  7.750e-19
  7.593e-19  7.440e-19  7.291e-19  7.145e-19  7.002e-19  6.863e-19  6.726e-19  6.593e-19  6.462e-19  6.335e-19
  6.210e-19  6.088e-19  5.969e-19  5.852e-19  5.738e-19  5.626e-19  5.517e-19  5.410e-19  5.305e-19  5.203e-19
  5.102e-19  5.004e-19  4.908e-19  4.813e-19  4.721e-19  4.631e-19  4.542e-19  4.456e-19  4.371e-19  4.288e-19
  4.206e-19  4.126e-19  4.048e-19  3.972e-19  3.897e-19  3.823e-19  3.751e-19  3.680e-19  3.611e-19  3.543e-19
  3.477e-19  3.411e-19  3.348e-19  3.285e-19  3.224e-19  3.163e-19  3.104e-19  3.046e-19  2.990e-19  2.934e-19
  2.879e-19  2.826e-19  2.774e-19  2.722e-19  2.672e-19  2.622e-19  2.574e-19  2.526e-19  2.479e-19  2.433e-19
  2.388e-19  2.344e-19  2.301e-19  2.259e-19  2.217e-19  2.176e-19  2.136e-19  2.097e-19  2.059e-19  2.021e-19
  1.984e-19  1.947e-19  1.912e-19  1.876e-19  1.842e-19  1.808e-19  1.775e-19  1.743e-19  1.711e-19  1.680e-19
  1.649e-19  1.619e-19  1.589e-19  1.560e-19  1.532e-19  1.504e-19  1.476e-19  1.449e-19  1.423e-19  1.397e-19
  1.372e-19  1.347e-19  1.322e-19  1.298e-19  1.274e-19  1.251e-19  1.229e-19  1.206e-19  1.184e-19  1.163e-19
  1.142e-19  1.121e-19  1.101e-19  1.081e-19  1.061e-19  1.042e-19  1.023e-19  1.004e-19  9.861e-20  9.682e-20
VIB(010)        0.080
  2.032e-16  1.304e-16  8.529e-17  6.662e-17  5.611e-17  4.911e-17  4.126e-17  3.665e-17  3.543e-17  3.574e-17
  4.326e-17  5.236e-17  6.385e-17  8.274e-17  1.178e-16  1.618e-16  1.912e-16  1.679e-16  1.380e-16  1.095e-16
  8.816e-17  7.380e-17  6.177e-17  5.344e-17  4.805e-17  4.308e-17  3.861e-17  3.440e-17  3.065e-17  2.715e-17
  2.404e-17  2.123e-17  1.863e-17  1.665e-17  1.614e-17  1.564e-17  1.514e-17  1.464e-17  1.415e-17  1.367e-17
  1.319e-17  1.271e-17  1.225e-17  1.179e-17  1.194e-17  1.212e-17  1.230e-17  1.249e-17  1.269e-17  1.290e-17
  1.311e-17  1.332e-17  1.343e-17  1.354e-17  1.365e-17  1.377e-17  1.389e-17  1.402e-17  1.415e-17  1.428e-17
  1.442e-17  1.456e-17  1.471e-17  1.486e-17  1.502e-17  6.940e-18  6.784e-18  6.632e-18  6.485e-18  6.341e-18
  6.202e-18  6.066e-18  5.934e-18  5.805e-18  5.680e-18  5.558e-18  5.440e-18  5.325e-18  5.212e-18  5.102e-18
  4.995e-18  4.891e-18  4.789e-18  4.689e-18  4.592e-18  4.497e-18  4.405e-18  4.315e-18  4.227e-18  4.141e-18
  4.058e-18  3.975e-18  3.895e-18  3.817e-18  3.741e-18  3.666e-18  3.593e-18  3.522e-18  3.452e-18  3.384e-18
  3.317e-18  3.252e-18  3.188e-18  3.125e-18  3.064e-18  3.004e-18  2.946e-18  2.889e-18  2.833e-18  2.778e-18
  2.724e-18  2.672e-18  2.620e-18  2.570e-18  2.520e-18  2.472e-18  2.425e-18  2.379e-18  2.333e-18  2.289e-18
  2.245e-18  2.203e-18  2.161e-18  2.120e-18  2.080e-18  2.040e-18  2.002e-18  1.964e-18  1.927e-18  1.891e-18
  1.855e-18  1.821e-18  1.787e-18  1.753e-18  1.720e-18  1.688e-18  1.657e-18  1.626e-18  1.595e-18  1.566e-18
  1.537e-18  1.508e-18  1.480e-18  1.452e-18  1.425e-18  1.399e-18  1.373e-18  1.348e-18  1.323e-18  1.298e-18
  1.274e-18  1.251e-18  1.228e-18  1.205e-18  1.183e-18  1.161e-18  1.140e-18  1.119e-18  1.098e-18  1.078e-18
  1.058e-18  1.039e-18  1.020e-18  1.001e-18  9.827e-19  9.647e-19  9.471e-19  9.297e-19  9.127e-19  8.960e-19
  8.796e-19  8.636e-19  8.478e-19  8.323e-19  8.171e-19  8.022e-19  7.876e-19  7.732e-19  7.591e-19  7.453e-19
  7.317e-19  7.184e-19  7.053e-19  6.924e-19  6.798e-19  6.675e-19  6.553e-19  6.434e-19  6.317e-19  6.202e-19
  6.090e-19  5.979e-19  5.871e-19  5.764e-19  5.659e-19  5.557e-19  5.456e-19  5.357e-19  5.260e-19  5.164e-19
VIB(001)        0.290
  0.000e+00  4.991e-17  1.661e-16  1.291e-16  1.066e-16  8.950e-17  7.380e-17  6.170e-17  5.337e-17  4.711e-17
  4.568e-17  4.429e-17  4.290e-17  4.299e-17  4.552e-17  4.585e-17  4.431e-17  4.085e-17  3.614e-17  3.232e-17
  2.978e-17  2.847e-17  2.722e-17  2.620e-17  2.558e-17  2.495e-17  2.434e-17  2.371e-17  2.310e-17  2.247e-17
  2.186e-17  2.125e-17  2.063e-17  2.003e-17  1.941e-17  1.882e-17  1.822e-17  1.763e-17  1.704e-17  1.647e-17
  1.590e-17  1.533e-17  1.477e-17  1.424e-17  1.395e-17  1.366e-17  1.337e-17  1.308e-17  1.279e-17  1.250e-17
  1.220e-17  1.191e-17  1.162e-17  1.133e-17  1.103e-17  1.074e-17  1.045e-17  1.016e-17  9.874e-18  9.589e-18
  9.305e-18  9.020e-18  8.740e-18  8.460e-18  7.964e-18  7.770e-18  7.582e-18  7.399e-18  7.222e-18  7.049e-18
  6.882e-18  6.719e-18  6.561e-18  6.408e-18  6.259e-18  6.114e-18  5.973e-18  5.837e-18  5.703e-18  5.574e-18
  5.447e-18  5.325e-18  5.205e-18  5.088e-18  4.975e-18  4.864e-18  4.756e-18  4.652e-18  4.549e-18  4.449e-18
  4.352e-18  4.257e-18  4.165e-18  4.074e-18  3.986e-18  3.901e-18  3.816e-18  3.735e-18  3.655e-18  3.577e-18
  3.501e-18  3.426e-18  3.354e-18  3.283e-18  3.214e-18  3.146e-18  3.080e-18  3.015e-18  2.952e-18  2.891e-18
  2.830e-18  2.771e-18  2.714e-18  2.657e-18  2.602e-18  2.549e-18  2.496e-18  2.445e-18  2.394e-18  2.345e-18
  2.297e-18  2.250e-18  2.204e-18  2.159e-18  2.115e-18  2.072e-18  2.029e-18  1.988e-18  1.948e-18  1.908e-18
  1.869e-18  1.832e-18  1.795e-18  1.758e-18  1.723e-18  1.688e-18  1.654e-18  1.621e-18  1.588e-18  1.556e-18
  1.525e-18  1.494e-18  1.464e-18  1.435e-18  1.406e-18  1.378e-18  1.351e-18  1.324e-18  1.297e-18  1.271e-18
  1.246e-18  1.221e-18  1.197e-18  1.173e-18  1.150e-18  1.127e-18  1.104e-18  1.083e-18  1.061e-18  1.040e-18
  1.019e-18  9.992e-19  9.794e-19  9.600e-19  9.410e-19  9.224e-19  9.042e-19  8.863e-19  8.688e-19  8.517e-19
  8.349e-19  8.184e-19  8.023e-19  7.865e-19  7.710e-19  7.558e-19  7.409e-19  7.263e-19  7.120e-19  6.980e-19
  6.843e-19  6.709e-19  6.577e-19  6.448e-19  6.321e-19  6.197e-19  6.075e-19  5.956e-19  5.839e-19  5.725e-19
  5.612e-19  5.502e-19  5.395e-19  5.289e-19  5.185e-19  5.084e-19  4.984e-19  4.887e-19  4.791e-19  4.697e-19
ELCTRN_8.6      8.600
  0.000e+00  0.000e+00  0.000e+00  0.000e+00  0.000e+00  0.000e+00  0.000e+00  0.000e+00  0.000e+00  0.000e+00
  0.000e+00  0.000e+00  0.000e+00  0.000e+00  0.000e+00  0.000e+00  0.000e+00  0.000e+00  0.000e+00  0.000e+00
  0.000e+00  0.000e+00  0.000e+00  0.000e+00  0.000e+00  0.000e+00  0.000e+00  0.000e+00  0.000e+00  0.000e+00
  9.261e-21  7.206e-20  1.844e-19  3.284e-19  5.004e-19  6.848e-19  8.835e-19  1.087e-18  1.292e-18  1.495e-18
  1.694e-18  1.890e-18  2.079e-18  2.259e-18  2.434e-18  2.598e-18  2.752e-18  2.899e-18  3.036e-18  3.164e-18
  3.285e-18  3.395e-18  3.496e-18  3.591e-18  3.677e-18  3.755e-18  3.826e-18  3.890e-18  3.947e-18  3.997e-18
  4.041e-18  4.080e-18  4.113e-18  4.141e-18  4.163e-18  4.181e-18  4.194e-18  4.203e-18  4.209e-18  4.210e-18
  4.208e-18  4.202e-18  4.193e-18  4.182e-18  4.168e-18  4.151e-18  4.131e-18  4.110e-18  4.086e-18  4.061e-18
  4.033e-18  4.004e-18  3.973e-18  3.941e-18  3.908e-18  3.873e-18  3.838e-18  3.801e-18  3.763e-18  3.725e-18
  3.686e-18  3.645e-18  3.605e-18  3.564e-18  3.522e-18  3.481e-18  3.438e-18  3.395e-18  3.353e-18  3.310e-18
  3.266e-18  3.223e-18  3.180e-18  3.136e-18  3.093e-18  3.050e-18  3.006e-18  2.963e-18  2.920e-18  2.878e-18
  2.835e-18  2.792e-18  2.750e-18  2.708e-18  2.666e-18  2.625e-18  2.584e-18  2.543e-18  2.503e-18  2.463e-18
  2.423e-18  2.383e-18  2.344e-18  2.306e-18  2.268e-18  2.230e-18  2.192e-18  2.155e-18  2.119e-18  2.083e-18
  2.047e-18  2.012e-18  1.977e-18  1.942e-18  1.908e-18  1.875e-18  1.842e-18  1.809e-18  1.777e-18  1.745e-18
  1.714e-18  1.683e-18  1.653e-18  1.622e-18  1.593e-18  1.564e-18  1.535e-18  1.507e-18  1.479e-18  1.452e-18
  1.425e-18  1.398e-18  1.372e-18  1.346e-18  1.321e-18  1.296e-18  1.271e-18  1.247e-18  1.223e-18  1.200e-18
  1.177e-18  1.154e-18  1.132e-18  1.110e-18  1.089e-18  1.068e-18  1.047e-18  1.027e-18  1.007e-18  9.871e-19
  9.677e-19  9.487e-19  9.301e-19  9.117e-19  8.937e-19  8.761e-19  8.587e-19  8.417e-19  8.249e-19  8.085e-19
  7.923e-19  7.765e-19  7.609e-19  7.457e-19  7.307e-19  7.160e-19  7.015e-19  6.874e-19  6.735e-19  6.598e-19
  6.465e-19  6.333e-19  6.204e-19  6.078e-19  5.954e-19  5.832e-19  5.713e-19  5.596e-19  5.481e-19  5.369e-19
ELCTRN_9.3      9.300
  0.000e+00  0.000e+00  0.000e+00  0.000e+00  0.000e+00  0.000e+00  0.000e+00  0.000e+00  0.000e+00  0.000e+00
  0.000e+00  0.000e+00  0.000e+00  0.000e+00  0.000e+00  0.000e+00  0.000e+00  0.000e+00  0.000e+00  0.000e+00
  0.000e+00  0.000e+00  0.000e+00  0.000e+00  0.000e+00  0.000e+00  0.000e+00  0.000e+00  0.000e+00  0.000e+00
  0.000e+00  0.000e+00  2.262e-20  1.006e-19  2.242e-19  3.762e-19  5.541e-19  7.471e-19  9.492e-19  1.156e-18
  1.363e-18  1.572e-18  1.776e-18  1.975e-18  2.169e-18  2.354e-18  2.530e-18  2.699e-18  2.857e-18  3.008e-18
  3.151e-18  3.284e-18  3.406e-18  3.522e-18  3.628e-18  3.726e-18  3.816e-18  3.897e-18  3.972e-18  4.039e-18
  4.098e-18  4.152e-18  4.199e-18  4.241e-18  4.276e-18  4.306e-18  4.331e-18  4.351e-18  4.366e-18  4.377e-18
  4.384e-18  4.387e-18  4.386e-18  4.381e-18  4.374e-18  4.363e-18  4.349e-18  4.333e-18  4.314e-18  4.293e-18
  4.270e-18  4.244e-18  4.217e-18  4.188e-18  4.157e-18  4.125e-18  4.091e-18  4.056e-18  4.020e-18  3.982e-18
  3.944e-18  3.905e-18  3.865e-18  3.824e-18  3.782e-18  3.740e-18  3.698e-18  3.655e-18  3.611e-18  3.568e-18
  3.524e-18  3.479e-18  3.435e-18  3.390e-18  3.346e-18  3.301e-18  3.256e-18  3.211e-18  3.167e-18  3.122e-18
  3.077e-18  3.033e-18  2.989e-18  2.945e-18  2.901e-18  2.858e-18  2.814e-18  2.772e-18  2.729e-18  2.687e-18
  2.644e-18  2.603e-18  2.561e-18  2.521e-18  2.480e-18  2.440e-18  2.400e-18  2.361e-18  2.322e-18  2.283e-18
  2.245e-18  2.207e-18  2.170e-18  2.133e-18  2.097e-18  2.061e-18  2.026e-18  1.990e-18  1.956e-18  1.922e-18
  1.888e-18  1.855e-18  1.822e-18  1.790e-18  1.758e-18  1.727e-18  1.696e-18  1.665e-18  1.635e-18  1.605e-18
  1.576e-18  1.547e-18  1.519e-18  1.491e-18  1.464e-18  1.437e-18  1.410e-18  1.384e-18  1.358e-18  1.333e-18
  1.308e-18  1.283e-18  1.259e-18  1.235e-18  1.212e-18  1.189e-18  1.166e-18  1.144e-18  1.122e-18  1.101e-18
  1.080e-18  1.059e-18  1.039e-18  1.019e-18  9.990e-19  9.796e-19  9.606e-19  9.420e-19  9.236e-19  9.056e-19
  8.879e-19  8.705e-19  8.535e-19  8.367e-19  8.202e-19  8.041e-19  7.882e-19  7.726e-19  7.573e-19  7.423e-19
  7.276e-19  7.131e-19  6.989e-19  6.850e-19  6.713e-19  6.579e-19  6.447e-19  6.318e-19  6.191e-19  6.066e-19
ELCTRN_11.1     7.760
  0.000e+00  0.000e+00  0.000e+00  0.000e+00  0.000e+00  0.000e+00  0.000e+00  0.000e+00  0.000e+00  0.000e+00
  0.000e+00  0.000e+00  0.000e+00  0.000e+00  0.000e+00  0.000e+00  0.000e+00  0.000e+00  0.000e+00  0.000e+00
  0.000e+00  0.000e+00  0.000e+00  0.000e+00  0.000e+00  0.000e+00  0.000e+00  0.000e+00  2.165e-21  3.288e-20
  1.206e-19  2.826e-19  5.341e-19  8.654e-19  1.289e-18  1.782e-18  2.359e-18  3.001e-18  3.699e-18  4.444e-18
  5.229e-18  6.061e-18  6.917e-18  7.790e-18  8.689e-18  9.592e-18  1.049e-17  1.141e-17  1.231e-17  1.321e-17
  1.410e-17  1.498e-17  1.583e-17  1.667e-17  1.749e-17  1.830e-17  1.908e-17  1.982e-17  2.056e-17  2.125e-17
  2.193e-17  2.258e-17  2.320e-17  2.379e-17  2.436e-17  2.490e-17  2.541e-17  2.589e-17  2.635e-17  2.678e-17
  2.719e-17  2.756e-17  2.792e-17  2.825e-17  2.855e-17  2.883e-17  2.908e-17  2.931e-17  2.952e-17  2.971e-17
  2.988e-17  3.002e-17  3.015e-17  3.026e-17  3.034e-17  3.041e-17  3.046e-17  3.050e-17  3.052e-17  3.052e-17
  3.050e-17  3.048e-17  3.043e-17  3.038e-17  3.031e-17  3.022e-17  3.013e-17  3.002e-17  2.991e-17  2.978e-17
  2.964e-17  2.949e-17  2.933e-17  2.917e-17  2.899e-17  2.881e-17  2.862e-17  2.842e-17  2.822e-17  2.801e-17
  2.779e-17  2.757e-17  2.734e-17  2.711e-17  2.687e-17  2.663e-17  2.639e-17  2.614e-17  2.588e-17  2.563e-17
  2.537e-17  2.511e-17  2.484e-17  2.458e-17  2.431e-17  2.404e-17  2.377e-17  2.350e-17  2.322e-17  2.295e-17
  2.267e-17  2.240e-17  2.212e-17  2.185e-17  2.157e-17  2.130e-17  2.102e-17  2.074e-17  2.047e-17  2.020e-17
  1.992e-17  1.965e-17  1.938e-17  1.911e-17  1.884e-17  1.857e-17  1.831e-17  1.804e-17  1.778e-17  1.752e-17
  1.726e-17  1.700e-17  1.674e-17  1.649e-17  1.624e-17  1.599e-17  1.574e-17  1.549e-17  1.525e-17  1.501e-17
  1.477e-17  1.453e-17  1.430e-17  1.407e-17  1.384e-17  1.361e-17  1.338e-17  1.316e-17  1.294e-17  1.272e-17
  1.251e-17  1.230e-17  1.209e-17  1.188e-17  1.167e-17  1.147e-17  1.127e-17  1.108e-17  1.088e-17  1.069e-17
  1.050e-17  1.031e-17  1.013e-17  9.947e-18  9.768e-18  9.591e-18  9.417e-18  9.245e-18  9.076e-18  8.909e-18
  8.744e-18  8.582e-18  8.423e-18  8.266e-18  8.111e-18  7.958e-18  7.808e-18  7.660e-18  7.515e-18  7.372e-18
ELCTRN_12.4     9.610
  0.000e+00  0.000e+00  0.000e+00  0.000e+00  0.000e+00  0.000e+00  0.000e+00  0.000e+00  0.000e+00  0.000e+00
  0.000e+00  0.000e+00  0.000e+00  0.000e+00  0.000e+00  0.000e+00  0.000e+00  0.000e+00  0.000e+00  0.000e+00
  0.000e+00  0.000e+00  0.000e+00  0.000e+00  0.000e+00  0.000e+00  0.000e+00  0.000e+00  0.000e+00  0.000e+00
  0.000e+00  0.000e+00  1.300e-23  1.863e-20  1.234e-19  3.614e-19  7.763e-19  1.383e-18  2.187e-18  3.188e-18
  4.379e-18  5.776e-18  7.344e-18  9.065e-18  1.096e-17  1.297e-17  1.510e-17  1.735e-17  1.967e-17  2.209e-17
  2.459e-17  2.713e-17  2.968e-17  3.232e-17  3.495e-17  3.760e-17  4.026e-17  4.289e-17  4.554e-17  4.815e-17
  5.073e-17  5.332e-17  5.583e-17  5.833e-17  6.079e-17  6.319e-17  6.553e-17  6.784e-17  7.008e-17  7.228e-17
  7.441e-17  7.648e-17  7.850e-17  8.044e-17  8.233e-17  8.415e-17  8.590e-17  8.758e-17  8.921e-17  9.077e-17
  9.227e-17  9.369e-17  9.506e-17  9.637e-17  9.761e-17  9.878e-17  9.989e-17  1.009e-16  1.019e-16  1.029e-16
  1.037e-16  1.046e-16  1.053e-16  1.060e-16  1.067e-16  1.073e-16  1.078e-16  1.083e-16  1.087e-16  1.091e-16
  1.095e-16  1.098e-16  1.100e-16  1.102e-16  1.104e-16  1.105e-16  1.106e-16  1.106e-16  1.106e-16  1.106e-16
  1.105e-16  1.104e-16  1.102e-16  1.101e-16  1.099e-16  1.096e-16  1.093e-16  1.090e-16  1.087e-16  1.083e-16
  1.080e-16  1.075e-16  1.071e-16  1.067e-16  1.062e-16  1.057e-16  1.051e-16  1.046e-16  1.040e-16  1.035e-16
  1.029e-16  1.022e-16  1.016e-16  1.010e-16  1.003e-16  9.962e-17  9.893e-17  9.823e-17  9.752e-17  9.679e-17
  9.606e-17  9.531e-17  9.456e-17  9.380e-17  9.303e-17  9.225e-17  9.147e-17  9.068e-17  8.988e-17  8.908e-17
  8.827e-17  8.746e-17  8.664e-17  8.582e-17  8.500e-17  8.418e-17  8.335e-17  8.252e-17  8.169e-17  8.086e-17
  8.003e-17  7.920e-17  7.836e-17  7.753e-17  7.670e-17  7.587e-17  7.504e-17  7.421e-17  7.339e-17  7.256e-17
  7.174e-17  7.092e-17  7.010e-17  6.929e-17  6.848e-17  6.767e-17  6.686e-17  6.606e-17  6.527e-17  6.447e-17
  6.368e-17  6.290e-17  6.212e-17  6.135e-17  6.058e-17  5.981e-17  5.905e-17  5.829e-17  5.755e-17  5.680e-17
  5.606e-17  5.533e-17  5.460e-17  5.388e-17  5.316e-17  5.245e-17  5.175e-17  5.105e-17  5.036e-17  4.967e-17
ELCTRN_13.6    10.500
  0.000e+00  0.000e+00  0.000e+00  0.000e+00  0.000e+00  0.000e+00  0.000e+00  0.000e+00  0.000e+00  0.000e+00
  0.000e+00  0.000e+00  0.000e+00  0.000e+00  0.000e+00  0.000e+00  0.000e+00  0.000e+00  0.000e+00  0.000e+00
  0.000e+00  0.000e+00  0.000e+00  0.000e+00  0.000e+00  0.000e+00  0.000e+00  0.000e+00  0.000e+00  0.000e+00
  0.000e+00  0.000e+00  0.000e+00  0.000e+00  1.116e-23  3.984e-20  2.690e-19  8.011e-19  1.697e-18  2.982e-18
  4.653e-18  6.737e-18  9.173e-18  1.192e-17  1.500e-17  1.832e-17  2.183e-17  2.557e-17  2.942e-17  3.341e-17
  3.752e-17  4.165e-17  4.577e-17  4.998e-17  5.413e-17  5.826e-17  6.234e-17  6.632e-17  7.028e-17  7.410e-17
  7.782e-17  8.147e-17  8.497e-17  8.838e-17  9.165e-17  9.479e-17  9.778e-17  1.007e-16  1.034e-16  1.060e-16
  1.085e-16  1.108e-16  1.130e-16  1.151e-16  1.170e-16  1.188e-16  1.205e-16  1.221e-16  1.235e-16  1.248e-16
  1.260e-16  1.271e-16  1.281e-16  1.289e-16  1.297e-16  1.304e-16  1.309e-16  1.314e-16  1.318e-16  1.321e-16
  1.323e-16  1.324e-16  1.324e-16  1.324e-16  1.323e-16  1.321e-16  1.319e-16  1.316e-16  1.312e-16  1.308e-16
  1.303e-16  1.298e-16  1.292e-16  1.286e-16  1.280e-16  1.272e-16  1.265e-16  1.257e-16  1.249e-16  1.240e-16
  1.231e-16  1.222e-16  1.213e-16  1.203e-16  1.193e-16  1.183e-16  1.172e-16  1.162e-16  1.151e-16  1.140e-16
  1.129e-16  1.117e-16  1.106e-16  1.094e-16  1.083e-16  1.071e-16  1.059e-16  1.047e-16  1.036e-16  1.024e-16
  1.012e-16  9.996e-17  9.876e-17  9.755e-17  9.635e-17  9.514e-17  9.394e-17  9.273e-17  9.153e-17  9.034e-17
  8.914e-17  8.795e-17  8.677e-17  8.559e-17  8.441e-17  8.324e-17  8.208e-17  8.093e-17  7.978e-17  7.864e-17
  7.751e-17  7.638e-17  7.527e-17  7.416e-17  7.306e-17  7.197e-17  7.089e-17  6.982e-17  6.876e-17  6.771e-17
  6.667e-17  6.564e-17  6.463e-17  6.362e-17  6.262e-17  6.163e-17  6.066e-17  5.969e-17  5.874e-17  5.779e-17
  5.686e-17  5.594e-17  5.503e-17  5.413e-17  5.324e-17  5.236e-17  5.150e-17  5.064e-17  4.980e-17  4.897e-17
  4.815e-17  4.734e-17  4.654e-17  4.575e-17  4.497e-17  4.420e-17  4.345e-17  4.270e-17  4.197e-17  4.124e-17
  4.053e-17  3.982e-17  3.913e-17  3.845e-17  3.777e-17  3.711e-17  3.646e-17  3.582e-17  3.518e-17  3.456e-17
ELCTRN_15.5    15.500
  0.000e+00  0.000e+00  0.000e+00  0.000e+00  0.000e+00  0.000e+00  0.000e+00  0.000e+00  0.000e+00  0.000e+00
  0.000e+00  0.000e+00  0.000e+00  0.000e+00  0.000e+00  0.000e+00  0.000e+00  0.000e+00  0.000e+00  0.000e+00
  0.000e+00  0.000e+00  0.000e+00  0.000e+00  0.000e+00  0.000e+00  0.000e+00  0.000e+00  0.000e+00  0.000e+00
  0.000e+00  0.000e+00  0.000e+00  0.000e+00  0.000e+00  0.000e+00  0.000e+00  0.000e+00  0.000e+00  0.000e+00
  0.000e+00  0.000e+00  0.000e+00  0.000e+00  1.209e-21  3.752e-20  1.164e-19  2.306e-19  3.711e-19  5.339e-19
  7.141e-19  9.044e-19  1.101e-18  1.306e-18  1.512e-18  1.719e-18  1.925e-18  2.126e-18  2.326e-18  2.518e-18
  2.705e-18  2.888e-18  3.061e-18  3.229e-18  3.389e-18  3.541e-18  3.685e-18  3.822e-18  3.951e-18  4.073e-18
  4.187e-18  4.294e-18  4.394e-18  4.486e-18  4.571e-18  4.649e-18  4.721e-18  4.786e-18  4.846e-18  4.900e-18
  4.948e-18  4.990e-18  5.027e-18  5.059e-18  5.087e-18  5.109e-18  5.127e-18  5.141e-18  5.151e-18  5.157e-18
  5.160e-18  5.159e-18  5.155e-18  5.147e-18  5.137e-18  5.123e-18  5.107e-18  5.089e-18  5.068e-18  5.045e-18
  5.020e-18  4.993e-18  4.964e-18  4.933e-18  4.900e-18  4.866e-18  4.831e-18  4.794e-18  4.756e-18  4.717e-18
  4.677e-18  4.636e-18  4.594e-18  4.551e-18  4.507e-18  4.463e-18  4.418e-18  4.373e-18  4.327e-18  4.280e-18
  4.233e-18  4.186e-18  4.139e-18  4.091e-18  4.044e-18  3.996e-18  3.948e-18  3.899e-18  3.851e-18  3.803e-18
  3.755e-18  3.707e-18  3.659e-18  3.611e-18  3.563e-18  3.516e-18  3.468e-18  3.421e-18  3.374e-18  3.328e-18
  3.281e-18  3.235e-18  3.189e-18  3.144e-18  3.099e-18  3.054e-18  3.010e-18  2.965e-18  2.922e-18  2.878e-18
  2.835e-18  2.793e-18  2.751e-18  2.709e-18  2.668e-18  2.627e-18  2.586e-18  2.546e-18  2.507e-18  2.468e-18
  2.429e-18  2.391e-18  2.353e-18  2.316e-18  2.279e-18  2.242e-18  2.206e-18  2.171e-18  2.136e-18  2.101e-18
  2.067e-18  2.033e-18  2.000e-18  1.967e-18  1.934e-18  1.902e-18  1.871e-18  1.840e-18  1.809e-18  1.779e-18
  1.749e-18  1.720e-18  1.691e-18  1.662e-18  1.634e-18  1.606e-18  1.579e-18  1.552e-18  1.525e-18  1.499e-18
  1.474e-18  1.448e-18  1.423e-18  1.399e-18  1.375e-18  1.351e-18  1.327e-18  1.304e-18  1.282e-18  1.259e-18
ELCTRN_16.3    12.300
  0.000e+00  0.000e+00  0.000e+00  0.000e+00  0.000e+00  0.000e+00  0.000e+00  0.000e+00  0.000e+00  0.000e+00
  0.000e+00  0.000e+00  0.000e+00  0.000e+00  0.000e+00  0.000e+00  0.000e+00  0.000e+00  0.000e+00  0.000e+00
  0.000e+00  0.000e+00  0.000e+00  0.000e+00  0.000e+00  0.000e+00  0.000e+00  0.000e+00  0.000e+00  0.000e+00
  0.000e+00  0.000e+00  0.000e+00  0.000e+00  0.000e+00  0.000e+00  0.000e+00  0.000e+00  6.136e-23  7.423e-21
  3.951e-20  1.101e-19  2.257e-19  3.892e-19  6.046e-19  8.670e-19  1.173e-18  1.524e-18  1.911e-18  2.334e-18
  2.790e-18  3.267e-18  3.760e-18  4.279e-18  4.806e-18  5.343e-18  5.887e-18  6.428e-18  6.976e-18  7.514e-18
  8.048e-18  8.580e-18  9.096e-18  9.607e-18  1.010e-17  1.059e-17  1.105e-17  1.151e-17  1.195e-17  1.237e-17
  1.277e-17  1.316e-17  1.353e-17  1.388e-17  1.422e-17  1.453e-17  1.483e-17  1.511e-17  1.537e-17  1.562e-17
  1.585e-17  1.606e-17  1.625e-17  1.643e-17  1.659e-17  1.674e-17  1.687e-17  1.699e-17  1.709e-17  1.718e-17
  1.726e-17  1.732e-17  1.738e-17  1.741e-17  1.744e-17  1.746e-17  1.746e-17  1.746e-17  1.744e-17  1.742e-17
  1.738e-17  1.734e-17  1.729e-17  1.723e-17  1.716e-17  1.709e-17  1.701e-17  1.692e-17  1.683e-17  1.673e-17
  1.663e-17  1.652e-17  1.640e-17  1.628e-17  1.616e-17  1.603e-17  1.590e-17  1.576e-17  1.562e-17  1.548e-17
  1.533e-17  1.519e-17  1.504e-17  1.488e-17  1.473e-17  1.457e-17  1.442e-17  1.426e-17  1.410e-17  1.394e-17
  1.377e-17  1.361e-17  1.345e-17  1.328e-17  1.312e-17  1.295e-17  1.278e-17  1.262e-17  1.245e-17  1.229e-17
  1.212e-17  1.196e-17  1.179e-17  1.163e-17  1.147e-17  1.130e-17  1.114e-17  1.098e-17  1.082e-17  1.066e-17
  1.050e-17  1.035e-17  1.019e-17  1.004e-17  9.883e-18  9.731e-18  9.580e-18  9.430e-18  9.282e-18  9.135e-18
  8.989e-18  8.845e-18  8.702e-18  8.561e-18  8.421e-18  8.283e-18  8.146e-18  8.011e-18  7.877e-18  7.745e-18
  7.615e-18  7.486e-18  7.358e-18  7.233e-18  7.108e-18  6.986e-18  6.865e-18  6.745e-18  6.628e-18  6.512e-18
  6.397e-18  6.284e-18  6.172e-18  6.063e-18  5.954e-18  5.848e-18  5.742e-18  5.639e-18  5.537e-18  5.436e-18
  5.337e-18  5.239e-18  5.143e-18  5.049e-18  4.956e-18  4.864e-18  4.774e-18  4.685e-18  4.598e-18  4.512e-18
ELCTRN_17.0    13.000
  0.000e+00  0.000e+00  0.000e+00  0.000e+00  0.000e+00  0.000e+00  0.000e+00  0.000e+00  0.000e+00  0.000e+00
  0.000e+00  0.000e+00  0.000e+00  0.000e+00  0.000e+00  0.000e+00  0.000e+00  0.000e+00  0.000e+00  0.000e+00
  0.000e+00  0.000e+00  0.000e+00  0.000e+00  0.000e+00  0.000e+00  0.000e+00  0.000e+00  0.000e+00  0.000e+00
  0.000e+00  0.000e+00  0.000e+00  0.000e+00  0.000e+00  0.000e+00  0.000e+00  0.000e+00  0.000e+00  0.000e+00
  3.896e-22  3.807e-21  1.278e-20  2.878e-20  5.300e-20  8.536e-20  1.256e-19  1.742e-19  2.297e-19  2.924e-19
  3.616e-19  4.355e-19  5.132e-19  5.963e-19  6.817e-19  7.698e-19  8.600e-19  9.504e-19  1.043e-18  1.134e-18
  1.225e-18  1.317e-18  1.406e-18  1.495e-18  1.582e-18  1.667e-18  1.750e-18  1.831e-18  1.908e-18  1.984e-18
  2.057e-18  2.127e-18  2.194e-18  2.258e-18  2.319e-18  2.377e-18  2.432e-18  2.484e-18  2.533e-18  2.579e-18
  2.622e-18  2.663e-18  2.700e-18  2.735e-18  2.766e-18  2.796e-18  2.822e-18  2.846e-18  2.867e-18  2.886e-18
  2.903e-18  2.917e-18  2.929e-18  2.939e-18  2.947e-18  2.953e-18  2.957e-18  2.959e-18  2.959e-18  2.958e-18
  2.955e-18  2.950e-18  2.944e-18  2.936e-18  2.927e-18  2.917e-18  2.905e-18  2.892e-18  2.878e-18  2.863e-18
  2.847e-18  2.830e-18  2.813e-18  2.794e-18  2.774e-18  2.754e-18  2.733e-18  2.711e-18  2.689e-18  2.666e-18
  2.642e-18  2.618e-18  2.594e-18  2.569e-18  2.544e-18  2.518e-18  2.492e-18  2.466e-18  2.439e-18  2.413e-18
  2.386e-18  2.358e-18  2.331e-18  2.304e-18  2.276e-18  2.248e-18  2.221e-18  2.193e-18  2.165e-18  2.137e-18
  2.110e-18  2.082e-18  2.054e-18  2.027e-18  1.999e-18  1.972e-18  1.944e-18  1.917e-18  1.890e-18  1.863e-18
  1.836e-18  1.810e-18  1.783e-18  1.757e-18  1.731e-18  1.705e-18  1.679e-18  1.653e-18  1.628e-18  1.603e-18
  1.578e-18  1.554e-18  1.529e-18  1.505e-18  1.481e-18  1.457e-18  1.434e-18  1.411e-18  1.388e-18  1.365e-18
  1.343e-18  1.321e-18  1.299e-18  1.277e-18  1.256e-18  1.235e-18  1.214e-18  1.193e-18  1.173e-18  1.153e-18
  1.133e-18  1.114e-18  1.094e-18  1.075e-18  1.057e-18  1.038e-18  1.020e-18  1.002e-18  9.844e-19  9.670e-19
  9.498e-19  9.329e-19  9.163e-19  8.998e-19  8.837e-19  8.678e-19  8.521e-19  8.366e-19  8.214e-19  8.065e-19
ELCTRN_18.7    14.000
  0.000e+00  0.000e+00  0.000e+00  0.000e+00  0.000e+00  0.000e+00  0.000e+00  0.000e+00  0.000e+00  0.000e+00
  0.000e+00  0.000e+00  0.000e+00  0.000e+00  0.000e+00  0.000e+00  0.000e+00  0.000e+00  0.000e+00  0.000e+00
  0.000e+00  0.000e+00  0.000e+00  0.000e+00  0.000e+00  0.000e+00  0.000e+00  0.000e+00  0.000e+00  0.000e+00
  0.000e+00  0.000e+00  0.000e+00  0.000e+00  0.000e+00  0.000e+00  0.000e+00  0.000e+00  0.000e+00  0.000e+00
  0.000e+00  0.000e+00  6.336e-22  5.115e-21  1.638e-20  3.585e-20  6.407e-20  1.016e-19  1.476e-19  2.021e-19
  2.645e-19  3.329e-19  4.062e-19  4.856e-19  5.681e-19  6.538e-19  7.420e-19  8.305e-19  9.211e-19  1.011e-18
  1.100e-18  1.190e-18  1.277e-18  1.363e-18  1.447e-18  1.528e-18  1.607e-18  1.684e-18  1.757e-18  1.828e-18
  1.895e-18  1.960e-18  2.021e-18  2.079e-18  2.134e-18  2.186e-18  2.234e-18  2.279e-18  2.321e-18  2.360e-18
  2.397e-18  2.430e-18  2.460e-18  2.488e-18  2.513e-18  2.535e-18  2.555e-18  2.572e-18  2.587e-18  2.600e-18
  2.610e-18  2.619e-18  2.625e-18  2.630e-18  2.632e-18  2.633e-18  2.632e-18  2.630e-18  2.626e-18  2.621e-18
  2.614e-18  2.606e-18  2.597e-18  2.586e-18  2.575e-18  2.562e-18  2.548e-18  2.534e-18  2.518e-18  2.502e-18
  2.485e-18  2.468e-18  2.449e-18  2.430e-18  2.411e-18  2.391e-18  2.370e-18  2.349e-18  2.328e-18  2.306e-18
  2.284e-18  2.261e-18  2.238e-18  2.215e-18  2.192e-18  2.169e-18  2.145e-18  2.121e-18  2.098e-18  2.074e-18
  2.050e-18  2.026e-18  2.001e-18  1.977e-18  1.953e-18  1.929e-18  1.905e-18  1.881e-18  1.857e-18  1.833e-18
  1.809e-18  1.786e-18  1.762e-18  1.738e-18  1.715e-18  1.692e-18  1.669e-18  1.646e-18  1.623e-18  1.600e-18
  1.578e-18  1.556e-18  1.534e-18  1.512e-18  1.490e-18  1.468e-18  1.447e-18  1.426e-18  1.405e-18  1.384e-18
  1.364e-18  1.344e-18  1.323e-18  1.304e-18  1.284e-18  1.265e-18  1.245e-18  1.226e-18  1.208e-18  1.189e-18
  1.171e-18  1.153e-18  1.135e-18  1.117e-18  1.100e-18  1.083e-18  1.066e-18  1.049e-18  1.032e-18  1.016e-18
  1.000e-18  9.842e-19  9.685e-19  9.531e-19  9.379e-19  9.228e-19  9.080e-19  8.934e-19  8.790e-19  8.648e-19
  8.508e-19  8.371e-19  8.235e-19  8.101e-19  7.969e-19  7.839e-19  7.711e-19  7.584e-19  7.460e-19  7.337e-19
OI_1304        20.100
  0.000e+00  0.000e+00  0.000e+00  0.000e+00  0.000e+00  0.000e+00  0.000e+00  0.000e+00  0.000e+00  0.000e+00
  0.000e+00  0.000e+00  0.000e+00  0.000e+00  0.000e+00  0.000e+00  0.000e+00  0.000e+00  0.000e+00  0.000e+00
  0.000e+00  0.000e+00  0.000e+00  0.000e+00  0.000e+00  0.000e+00  0.000e+00  0.000e+00  0.000e+00  0.000e+00
  0.000e+00  0.000e+00  0.000e+00  0.000e+00  0.000e+00  0.000e+00  0.000e+00  0.000e+00  0.000e+00  0.000e+00
  0.000e+00  0.000e+00  0.000e+00  0.000e+00  0.000e+00  0.000e+00  0.000e+00  0.000e+00  0.000e+00  0.000e+00
  0.000e+00  0.000e+00  9.123e-23  9.209e-22  3.138e-21  7.209e-21  1.343e-20  2.185e-20  3.274e-20  4.581e-20
  6.109e-20  7.867e-20  9.798e-20  1.193e-19  1.421e-19  1.663e-19  1.917e-19  2.182e-19  2.455e-19  2.736e-19
  3.021e-19  3.310e-19  3.602e-19  3.893e-19  4.183e-19  4.472e-19  4.758e-19  5.038e-19  5.315e-19  5.586e-19
  5.853e-19  6.109e-19  6.360e-19  6.603e-19  6.837e-19  7.063e-19  7.279e-19  7.486e-19  7.686e-19  7.874e-19
  8.053e-19  8.222e-19  8.382e-19  8.532e-19  8.673e-19  8.804e-19  8.926e-19  9.039e-19  9.142e-19  9.237e-19
  9.323e-19  9.401e-19  9.469e-19  9.530e-19  9.583e-19  9.628e-19  9.666e-19  9.696e-19  9.719e-19  9.736e-19
  9.746e-19  9.749e-19  9.746e-19  9.738e-19  9.724e-19  9.704e-19  9.679e-19  9.649e-19  9.614e-19  9.575e-19
  9.532e-19  9.484e-19  9.432e-19  9.377e-19  9.318e-19  9.256e-19  9.190e-19  9.122e-19  9.051e-19  8.977e-19
  8.901e-19  8.823e-19  8.742e-19  8.659e-19  8.575e-19  8.489e-19  8.401e-19  8.312e-19  8.221e-19  8.130e-19
  8.037e-19  7.943e-19  7.849e-19  7.754e-19  7.658e-19  7.561e-19  7.465e-19  7.368e-19  7.270e-19  7.173e-19
  7.075e-19  6.977e-19  6.879e-19  6.782e-19  6.684e-19  6.587e-19  6.490e-19  6.393e-19  6.297e-19  6.201e-19
  6.106e-19  6.011e-19  5.917e-19  5.824e-19  5.731e-19  5.638e-19  5.547e-19  5.456e-19  5.366e-19  5.277e-19
  5.188e-19  5.101e-19  5.014e-19  4.928e-19  4.843e-19  4.759e-19  4.676e-19  4.594e-19  4.513e-19  4.433e-19
  4.353e-19  4.275e-19  4.198e-19  4.122e-19  4.046e-19  3.972e-19  3.899e-19  3.826e-19  3.755e-19  3.685e-19
  3.616e-19  3.547e-19  3.480e-19  3.414e-19  3.348e-19  3.284e-19  3.221e-19  3.159e-19  3.097e-19  3.037e-19
OI_1356        16.400
  0.000e+00  0.000e+00  0.000e+00  0.000e+00  0.000e+00  0.000e+00  0.000e+00  0.000e+00  0.000e+00  0.000e+00
  0.000e+00  0.000e+00  0.000e+00  0.000e+00  0.000e+00  0.000e+00  0.000e+00  0.000e+00  0.000e+00  0.000e+00
  0.000e+00  0.000e+00  0.000e+00  0.000e+00  0.000e+00  0.000e+00  0.000e+00  0.000e+00  0.000e+00  0.000e+00
  0.000e+00  0.000e+00  0.000e+00  0.000e+00  0.000e+00  0.000e+00  0.000e+00  0.000e+00  0.000e+00  0.000e+00
  0.000e+00  0.000e+00  0.000e+00  0.000e+00  0.000e+00  0.000e+00  1.092e-22  1.634e-21  6.176e-21  1.491e-20
  2.861e-20  4.739e-20  7.122e-20  1.008e-19  1.351e-19  1.742e-19  2.178e-19  2.648e-19  3.161e-19  3.697e-19
  4.260e-19  4.852e-19  5.454e-19  6.075e-19  6.705e-19  7.340e-19  7.976e-19  8.617e-19  9.253e-19  9.886e-19
  1.051e-18  1.113e-18  1.173e-18  1.232e-18  1.290e-18  1.346e-18  1.400e-18  1.453e-18  1.504e-18  1.553e-18
  1.600e-18  1.645e-18  1.687e-18  1.728e-18  1.767e-18  1.804e-18  1.839e-18  1.871e-18  1.902e-18  1.931e-18
  1.957e-18  1.982e-18  2.004e-18  2.025e-18  2.044e-18  2.061e-18  2.077e-18  2.090e-18  2.102e-18  2.112e-18
  2.121e-18  2.128e-18  2.134e-18  2.138e-18  2.141e-18  2.142e-18  2.142e-18  2.141e-18  2.139e-18  2.135e-18
  2.131e-18  2.125e-18  2.118e-18  2.111e-18  2.102e-18  2.093e-18  2.083e-18  2.071e-18  2.060e-18  2.047e-18
  2.034e-18  2.020e-18  2.005e-18  1.990e-18  1.975e-18  1.959e-18  1.942e-18  1.925e-18  1.908e-18  1.890e-18
  1.872e-18  1.853e-18  1.834e-18  1.815e-18  1.796e-18  1.777e-18  1.757e-18  1.737e-18  1.717e-18  1.697e-18
  1.676e-18  1.656e-18  1.635e-18  1.615e-18  1.594e-18  1.574e-18  1.553e-18  1.532e-18  1.512e-18  1.491e-18
  1.470e-18  1.450e-18  1.429e-18  1.409e-18  1.389e-18  1.369e-18  1.348e-18  1.328e-18  1.308e-18  1.289e-18
  1.269e-18  1.250e-18  1.230e-18  1.211e-18  1.192e-18  1.173e-18  1.154e-18  1.136e-18  1.117e-18  1.099e-18
  1.081e-18  1.063e-18  1.045e-18  1.028e-18  1.011e-18  9.936e-19  9.767e-19  9.600e-19  9.435e-19  9.272e-19
  9.111e-19  8.952e-19  8.795e-19  8.640e-19  8.487e-19  8.336e-19  8.188e-19  8.041e-19  7.896e-19  7.753e-19
  7.612e-19  7.474e-19  7.337e-19  7.202e-19  7.069e-19  6.939e-19  6.810e-19  6.683e-19  6.558e-19  6.435e-19
CI_1279        15.700
  0.000e+00  0.000e+00  0.000e+00  0.000e+00  0.000e+00  0.000e+00  0.000e+00  0.000e+00  0.000e+00  0.000e+00
  0.000e+00  0.000e+00  0.000e+00  0.000e+00  0.000e+00  0.000e+00  0.000e+00  0.000e+00  0.000e+00  0.000e+00
  0.000e+00  0.000e+00  0.000e+00  0.000e+00  0.000e+00  0.000e+00  0.000e+00  0.000e+00  0.000e+00  0.000e+00
  0.000e+00  0.000e+00  0.000e+00  0.000e+00  0.000e+00  0.000e+00  0.000e+00  0.000e+00  0.000e+00  0.000e+00
  0.000e+00  0.000e+00  0.000e+00  0.000e+00  0.000e+00  7.917e-23  7.200e-22  2.398e-21  5.366e-21  9.814e-21
  1.582e-20  2.325e-20  3.200e-20  4.224e-20  5.356e-20  6.596e-20  7.930e-20  9.325e-20  1.080e-19  1.231e-19
  1.386e-19  1.545e-19  1.704e-19  1.864e-19  2.024e-19  2.183e-19  2.339e-19  2.494e-19  2.645e-19  2.793e-19
  2.937e-19  3.078e-19  3.214e-19  3.344e-19  3.470e-19  3.591e-19  3.707e-19  3.817e-19  3.922e-19  4.022e-19
  4.117e-19  4.206e-19  4.290e-19  4.369e-19  4.443e-19  4.512e-19  4.576e-19  4.635e-19  4.690e-19  4.740e-19
  4.785e-19  4.826e-19  4.863e-19  4.896e-19  4.925e-19  4.950e-19  4.971e-19  4.989e-19  5.004e-19  5.015e-19
  5.023e-19  5.028e-19  5.030e-19  5.030e-19  5.026e-19  5.021e-19  5.012e-19  5.002e-19  4.989e-19  4.974e-19
  4.958e-19  4.939e-19  4.918e-19  4.896e-19  4.873e-19  4.847e-19  4.821e-19  4.793e-19  4.763e-19  4.733e-19
  4.701e-19  4.669e-19  4.635e-19  4.601e-19  4.565e-19  4.529e-19  4.492e-19  4.455e-19  4.417e-19  4.378e-19
  4.339e-19  4.299e-19  4.259e-19  4.219e-19  4.178e-19  4.137e-19  4.096e-19  4.054e-19  4.013e-19  3.971e-19
  3.929e-19  3.887e-19  3.845e-19  3.803e-19  3.760e-19  3.718e-19  3.676e-19  3.634e-19  3.592e-19  3.551e-19
  3.509e-19  3.467e-19  3.426e-19  3.385e-19  3.344e-19  3.303e-19  3.262e-19  3.222e-19  3.182e-19  3.142e-19
  3.102e-19  3.063e-19  3.024e-19  2.985e-19  2.947e-19  2.908e-19  2.871e-19  2.833e-19  2.796e-19  2.759e-19
  2.722e-19  2.686e-19  2.650e-19  2.614e-19  2.579e-19  2.544e-19  2.510e-19  2.476e-19  2.442e-19  2.408e-19
  2.375e-19  2.342e-19  2.310e-19  2.278e-19  2.246e-19  2.215e-19  2.184e-19  2.153e-19  2.123e-19  2.093e-19
  2.063e-19  2.034e-19  2.005e-19  1.977e-19  1.948e-19  1.921e-19  1.893e-19  1.866e-19  1.839e-19  1.813e-19
CI_1329        21.800
  0.000e+00  0.000e+00  0.000e+00  0.000e+00  0.000e+00  0.000e+00  0.000e+00  0.000e+00  0.000e+00  0.000e+00
  0.000e+00  0.000e+00  0.000e+00  0.000e+00  0.000e+00  0.000e+00  0.000e+00  0.000e+00  0.000e+00  0.000e+00
  0.000e+00  0.000e+00  0.000e+00  0.000e+00  0.000e+00  0.000e+00  0.000e+00  0.000e+00  0.000e+00  0.000e+00
  0.000e+00  0.000e+00  0.000e+00  0.000e+00  0.000e+00  0.000e+00  0.000e+00  0.000e+00  0.000e+00  0.000e+00
  0.000e+00  0.000e+00  0.000e+00  0.000e+00  0.000e+00  0.000e+00  0.000e+00  0.000e+00  0.000e+00  0.000e+00
  0.000e+00  0.000e+00  0.000e+00  0.000e+00  6.826e-24  2.490e-22  1.131e-21  2.891e-21  5.721e-21  9.606e-21
  1.457e-20  2.062e-20  2.755e-20  3.539e-20  4.396e-20  5.313e-20  6.277e-20  7.287e-20  8.321e-20  9.379e-20
  1.044e-19  1.151e-19  1.257e-19  1.361e-19  1.463e-19  1.563e-19  1.661e-19  1.754e-19  1.844e-19  1.930e-19
  2.012e-19  2.090e-19  2.163e-19  2.232e-19  2.296e-19  2.356e-19  2.412e-19  2.462e-19  2.509e-19  2.551e-19
  2.589e-19  2.623e-19  2.653e-19  2.679e-19  2.701e-19  2.720e-19  2.735e-19  2.747e-19  2.755e-19  2.761e-19
  2.763e-19  2.763e-19  2.760e-19  2.755e-19  2.747e-19  2.737e-19  2.725e-19  2.711e-19  2.695e-19  2.678e-19
  2.658e-19  2.638e-19  2.616e-19  2.592e-19  2.568e-19  2.542e-19  2.515e-19  2.488e-19  2.459e-19  2.430e-19
  2.400e-19  2.370e-19  2.339e-19  2.307e-19  2.275e-19  2.243e-19  2.211e-19  2.178e-19  2.145e-19  2.112e-19
  2.079e-19  2.046e-19  2.013e-19  1.980e-19  1.946e-19  1.913e-19  1.880e-19  1.848e-19  1.815e-19  1.783e-19
  1.751e-19  1.719e-19  1.687e-19  1.656e-19  1.624e-19  1.594e-19  1.563e-19  1.533e-19  1.503e-19  1.474e-19
  1.445e-19  1.416e-19  1.388e-19  1.360e-19  1.332e-19  1.305e-19  1.278e-19  1.252e-19  1.226e-19  1.200e-19
  1.175e-19  1.150e-19  1.126e-19  1.102e-19  1.079e-19  1.055e-19  1.033e-19  1.010e-19  9.885e-20  9.669e-20
  9.458e-20  9.250e-20  9.046e-20  8.846e-20  8.650e-20  8.458e-20  8.269e-20  8.084e-20  7.903e-20  7.725e-20
  7.551e-20  7.380e-20  7.212e-20  7.048e-20  6.888e-20  6.731e-20  6.577e-20  6.426e-20  6.278e-20  6.133e-20
  5.992e-20  5.853e-20  5.718e-20  5.585e-20  5.455e-20  5.328e-20  5.204e-20  5.082e-20  4.963e-20  4.847e-20
CI_1561        22.400
  0.000e+00  0.000e+00  0.000e+00  0.000e+00  0.000e+00  0.000e+00  0.000e+00  0.000e+00  0.000e+00  0.000e+00
  0.000e+00  0.000e+00  0.000e+00  0.000e+00  0.000e+00  0.000e+00  0.000e+00  0.000e+00  0.000e+00  0.000e+00
  0.000e+00  0.000e+00  0.000e+00  0.000e+00  0.000e+00  0.000e+00  0.000e+00  0.000e+00  0.000e+00  0.000e+00
  0.000e+00  0.000e+00  0.000e+00  0.000e+00  0.000e+00  0.000e+00  0.000e+00  0.000e+00  0.000e+00  0.000e+00
  0.000e+00  0.000e+00  0.000e+00  0.000e+00  0.000e+00  0.000e+00  0.000e+00  0.000e+00  0.000e+00  0.000e+00
  0.000e+00  0.000e+00  0.000e+00  0.000e+00  0.000e+00  4.897e-23  8.721e-22  3.395e-21  8.300e-21  1.579e-20
  2.605e-20  3.920e-20  5.481e-20  7.300e-20  9.336e-20  1.156e-19  1.393e-19  1.646e-19  1.908e-19  2.180e-19
  2.456e-19  2.736e-19  3.017e-19  3.296e-19  3.573e-19  3.845e-19  4.113e-19  4.371e-19  4.623e-19  4.866e-19
  5.101e-19  5.324e-19  5.537e-19  5.740e-19  5.931e-19  6.112e-19  6.280e-19  6.437e-19  6.583e-19  6.718e-19
  6.841e-19  6.953e-19  7.055e-19  7.146e-19  7.227e-19  7.298e-19  7.360e-19  7.413e-19  7.456e-19  7.491e-19
  7.517e-19  7.536e-19  7.547e-19  7.551e-19  7.548e-19  7.539e-19  7.523e-19  7.502e-19  7.475e-19  7.443e-19
  7.405e-19  7.364e-19  7.318e-19  7.267e-19  7.214e-19  7.156e-19  7.096e-19  7.032e-19  6.965e-19  6.896e-19
  6.825e-19  6.751e-19  6.676e-19  6.599e-19  6.520e-19  6.440e-19  6.358e-19  6.276e-19  6.192e-19  6.108e-19
  6.023e-19  5.937e-19  5.852e-19  5.765e-19  5.679e-19  5.592e-19  5.505e-19  5.419e-19  5.332e-19  5.246e-19
  5.160e-19  5.075e-19  4.989e-19  4.905e-19  4.821e-19  4.737e-19  4.654e-19  4.572e-19  4.490e-19  4.410e-19
  4.329e-19  4.250e-19  4.172e-19  4.094e-19  4.018e-19  3.942e-19  3.867e-19  3.794e-19  3.721e-19  3.649e-19
  3.578e-19  3.508e-19  3.439e-19  3.371e-19  3.304e-19  3.239e-19  3.174e-19  3.110e-19  3.047e-19  2.985e-19
  2.924e-19  2.864e-19  2.806e-19  2.748e-19  2.691e-19  2.635e-19  2.580e-19  2.526e-19  2.473e-19  2.421e-19
  2.370e-19  2.320e-19  2.271e-19  2.223e-19  2.175e-19  2.129e-19  2.083e-19  2.038e-19  1.994e-19  1.951e-19
  1.909e-19  1.868e-19  1.827e-19  1.787e-19  1.748e-19  1.710e-19  1.673e-19  1.636e-19  1.600e-19  1.565e-19
CI_1657        21.100
  0.000e+00  0.000e+00  0.000e+00  0.000e+00  0.000e+00  0.000e+00  0.000e+00  0.000e+00  0.000e+00  0.000e+00
  0.000e+00  0.000e+00  0.000e+00  0.000e+00  0.000e+00  0.000e+00  0.000e+00  0.000e+00  0.000e+00  0.000e+00
  0.000e+00  0.000e+00  0.000e+00  0.000e+00  0.000e+00  0.000e+00  0.000e+00  0.000e+00  0.000e+00  0.000e+00
  0.000e+00  0.000e+00  0.000e+00  0.000e+00  0.000e+00  0.000e+00  0.000e+00  0.000e+00  0.000e+00  0.000e+00
  0.000e+00  0.000e+00  0.000e+00  0.000e+00  0.000e+00  0.000e+00  0.000e+00  0.000e+00  0.000e+00  0.000e+00
  0.000e+00  0.000e+00  0.000e+00  2.829e-22  1.131e-20  5.232e-20  1.364e-19  2.688e-19  4.563e-19  6.941e-19
  9.822e-19  1.321e-18  1.697e-18  2.115e-18  2.564e-18  3.038e-18  3.532e-18  4.046e-18  4.568e-18  5.100e-18
  5.632e-18  6.165e-18  6.694e-18  7.213e-18  7.723e-18  8.221e-18  8.705e-18  9.170e-18  9.620e-18  1.005e-17
  1.047e-17  1.086e-17  1.123e-17  1.158e-17  1.191e-17  1.221e-17  1.250e-17  1.276e-17  1.301e-17  1.323e-17
  1.343e-17  1.362e-17  1.378e-17  1.393e-17  1.405e-17  1.416e-17  1.426e-17  1.433e-17  1.439e-17  1.444e-17
  1.447e-17  1.449e-17  1.449e-17  1.449e-17  1.446e-17  1.443e-17  1.439e-17  1.434e-17  1.428e-17  1.421e-17
  1.413e-17  1.404e-17  1.395e-17  1.385e-17  1.374e-17  1.362e-17  1.351e-17  1.338e-17  1.325e-17  1.312e-17
  1.298e-17  1.284e-17  1.270e-17  1.255e-17  1.240e-17  1.225e-17  1.209e-17  1.194e-17  1.178e-17  1.162e-17
  1.146e-17  1.130e-17  1.114e-17  1.098e-17  1.082e-17  1.066e-17  1.049e-17  1.033e-17  1.017e-17  1.001e-17
  9.849e-18  9.689e-18  9.530e-18  9.372e-18  9.215e-18  9.059e-18  8.905e-18  8.751e-18  8.599e-18  8.449e-18
  8.299e-18  8.152e-18  8.005e-18  7.861e-18  7.718e-18  7.576e-18  7.437e-18  7.299e-18  7.163e-18  7.029e-18
  6.896e-18  6.765e-18  6.636e-18  6.509e-18  6.384e-18  6.260e-18  6.139e-18  6.019e-18  5.901e-18  5.785e-18
  5.671e-18  5.559e-18  5.448e-18  5.339e-18  5.232e-18  5.127e-18  5.023e-18  4.922e-18  4.822e-18  4.724e-18
  4.627e-18  4.533e-18  4.440e-18  4.348e-18  4.258e-18  4.170e-18  4.084e-18  3.999e-18  3.916e-18  3.834e-18
  3.754e-18  3.675e-18  3.598e-18  3.522e-18  3.448e-18  3.375e-18  3.303e-18  3.233e-18  3.165e-18  3.097e-18
COP(1N)        18.130
  0.000e+00  0.000e+00  0.000e+00  0.000e+00  0.000e+00  0.000e+00  0.000e+00  0.000e+00  0.000e+00  0.000e+00
  0.000e+00  0.000e+00  0.000e+00  0.000e+00  0.000e+00  0.000e+00  0.000e+00  0.000e+00  0.000e+00  0.000e+00
  0.000e+00  0.000e+00  0.000e+00  0.000e+00  0.000e+00  0.000e+00  0.000e+00  0.000e+00  0.000e+00  0.000e+00
  0.000e+00  0.000e+00  0.000e+00  0.000e+00  0.000e+00  0.000e+00  0.000e+00  0.000e+00  0.000e+00  0.000e+00
  0.000e+00  0.000e+00  0.000e+00  0.000e+00  0.000e+00  0.000e+00  0.000e+00  0.000e+00  0.000e+00  8.357e-21
  5.892e-20  1.659e-19  3.319e-19  5.624e-19  8.486e-19  1.189e-18  1.580e-18  2.008e-18  2.481e-18  2.980e-18
  3.505e-18  4.059e-18  4.622e-18  5.204e-18  5.794e-18  6.388e-18  6.981e-18  7.578e-18  8.168e-18  8.755e-18
  9.332e-18  9.900e-18  1.046e-17  1.100e-17  1.153e-17  1.204e-17  1.254e-17  1.302e-17  1.348e-17  1.393e-17
  1.436e-17  1.476e-17  1.515e-17  1.553e-17  1.588e-17  1.621e-17  1.653e-17  1.683e-17  1.711e-17  1.737e-17
  1.761e-17  1.784e-17  1.805e-17  1.824e-17  1.842e-17  1.858e-17  1.872e-17  1.885e-17  1.897e-17  1.907e-17
  1.916e-17  1.923e-17  1.929e-17  1.934e-17  1.938e-17  1.941e-17  1.942e-17  1.942e-17  1.942e-17  1.940e-17
  1.938e-17  1.934e-17  1.930e-17  1.924e-17  1.918e-17  1.912e-17  1.904e-17  1.896e-17  1.887e-17  1.878e-17
  1.868e-17  1.857e-17  1.846e-17  1.834e-17  1.822e-17  1.809e-17  1.796e-17  1.783e-17  1.769e-17  1.755e-17
  1.740e-17  1.726e-17  1.710e-17  1.695e-17  1.680e-17  1.664e-17  1.648e-17  1.632e-17  1.615e-17  1.599e-17
  1.582e-17  1.565e-17  1.549e-17  1.532e-17  1.515e-17  1.498e-17  1.481e-17  1.463e-17  1.446e-17  1.429e-17
  1.412e-17  1.395e-17  1.378e-17  1.360e-17  1.343e-17  1.326e-17  1.309e-17  1.292e-17  1.275e-17  1.259e-17
  1.242e-17  1.225e-17  1.209e-17  1.192e-17  1.176e-17  1.160e-17  1.143e-17  1.127e-17  1.111e-17  1.096e-17
  1.080e-17  1.064e-17  1.049e-17  1.034e-17  1.019e-17  1.003e-17  9.886e-18  9.739e-18  9.593e-18  9.449e-18
  9.306e-18  9.164e-18  9.024e-18  8.886e-18  8.749e-18  8.613e-18  8.479e-18  8.347e-18  8.216e-18  8.087e-18
  7.959e-18  7.833e-18  7.708e-18  7.585e-18  7.463e-18  7.343e-18  7.225e-18  7.108e-18  6.992e-18  6.878e-18
CO2P           13.760
CO2          + E            = CO2P         + E            +              +                
  0.000e+00  0.000e+00  0.000e+00  0.000e+00  0.000e+00  0.000e+00  0.000e+00  0.000e+00  0.000e+00  0.000e+00
  0.000e+00  0.000e+00  0.000e+00  0.000e+00  0.000e+00  0.000e+00  0.000e+00  0.000e+00  0.000e+00  0.000e+00
  0.000e+00  0.000e+00  0.000e+00  0.000e+00  0.000e+00  0.000e+00  0.000e+00  0.000e+00  0.000e+00  0.000e+00
  0.000e+00  0.000e+00  0.000e+00  0.000e+00  0.000e+00  0.000e+00  0.000e+00  0.000e+00  0.000e+00  0.000e+00
  0.000e+00  1.334e-19  1.472e-18  3.888e-18  7.067e-18  1.067e-17  1.447e-17  1.840e-17  2.228e-17  2.610e-17
  2.984e-17  3.340e-17  3.679e-17  4.010e-17  4.323e-17  4.623e-17  4.912e-17  5.185e-17  5.450e-17  5.702e-17
  5.945e-17  6.180e-17  6.404e-17  6.622e-17  6.831e-17  7.033e-17  7.226e-17  7.414e-17  7.595e-17  7.770e-17
  7.937e-17  8.099e-17  8.255e-17  8.403e-17  8.546e-17  8.683e-17  8.814e-17  8.938e-17  9.058e-17  9.170e-17
  9.278e-17  9.379e-17  9.474e-17  9.564e-17  9.647e-17  9.725e-17  9.797e-17  9.863e-17  9.923e-17  9.978e-17
  1.003e-16  1.007e-16  1.011e-16  1.014e-16  1.017e-16  1.019e-16  1.021e-16  1.022e-16  1.023e-16  1.023e-16
  1.023e-16  1.022e-16  1.021e-16  1.019e-16  1.017e-16  1.015e-16  1.012e-16  1.009e-16  1.005e-16  1.001e-16
  9.970e-17  9.923e-17  9.874e-17  9.821e-17  9.765e-17  9.706e-17  9.645e-17  9.581e-17  9.515e-17  9.446e-17
  9.375e-17  9.302e-17  9.227e-17  9.150e-17  9.071e-17  8.991e-17  8.909e-17  8.826e-17  8.741e-17  8.655e-17
  8.568e-17  8.480e-17  8.391e-17  8.301e-17  8.210e-17  8.119e-17  8.026e-17  7.934e-17  7.841e-17  7.747e-17
  7.654e-17  7.559e-17  7.465e-17  7.371e-17  7.276e-17  7.182e-17  7.088e-17  6.994e-17  6.899e-17  6.806e-17
  6.712e-17  6.619e-17  6.526e-17  6.433e-17  6.341e-17  6.250e-17  6.159e-17  6.068e-17  5.978e-17  5.889e-17
  5.800e-17  5.712e-17  5.625e-17  5.538e-17  5.452e-17  5.367e-17  5.282e-17  5.199e-17  5.116e-17  5.034e-17
  4.953e-17  4.872e-17  4.793e-17  4.714e-17  4.636e-17  4.559e-17  4.483e-17  4.408e-17  4.334e-17  4.261e-17
  4.188e-17  4.117e-17  4.046e-17  3.976e-17  3.907e-17  3.840e-17  3.773e-17  3.707e-17  3.641e-17  3.577e-17
  3.514e-17  3.451e-17  3.390e-17  3.329e-17  3.270e-17  3.211e-17  3.153e-17  3.096e-17  3.039e-17  2.984e-17
CO2P           17.800
CO2          + E            = CO2P         + E            +              +                
  0.000e+00  0.000e+00  0.000e+00  0.000e+00  0.000e+00  0.000e+00  0.000e+00  0.000e+00  0.000e+00  0.000e+00
  0.000e+00  0.000e+00  0.000e+00  0.000e+00  0.000e+00  0.000e+00  0.000e+00  0.000e+00  0.000e+00  0.000e+00
  0.000e+00  0.000e+00  0.000e+00  0.000e+00  0.000e+00  0.000e+00  0.000e+00  0.000e+00  0.000e+00  0.000e+00
  0.000e+00  0.000e+00  0.000e+00  0.000e+00  0.000e+00  0.000e+00  0.000e+00  0.000e+00  0.000e+00  0.000e+00
  0.000e+00  0.000e+00  0.000e+00  0.000e+00  0.000e+00  0.000e+00  0.000e+00  0.000e+00  0.000e+00  0.000e+00
  3.890e-18  5.061e-18  6.076e-18  7.193e-18  8.246e-18  9.352e-18  1.053e-17  1.166e-17  1.290e-17  1.405e-17
  1.522e-17  1.618e-17  1.726e-17  1.856e-17  1.979e-17  2.100e-17  2.204e-17  2.304e-17  2.419e-17  2.547e-17
  2.667e-17  2.794e-17  2.909e-17  3.030e-17  3.164e-17  3.308e-17  3.429e-17  3.556e-17  3.710e-17  3.876e-17
  4.011e-17  4.151e-17  4.286e-17  4.429e-17  4.575e-17  4.730e-17  4.877e-17  5.029e-17  5.183e-17  5.342e-17
  5.512e-17  5.694e-17  5.869e-17  6.035e-17  6.198e-17  6.344e-17  6.491e-17  6.621e-17  6.756e-17  6.860e-17
  6.969e-17  7.082e-17  7.200e-17  7.286e-17  7.364e-17  7.434e-17  7.497e-17  7.559e-17  7.615e-17  7.671e-17
  7.713e-17  7.757e-17  7.791e-17  7.825e-17  7.855e-17  7.882e-17  7.910e-17  7.938e-17  7.960e-17  7.960e-17
  7.960e-17  7.969e-17  7.978e-17  7.973e-17  7.964e-17  7.960e-17  7.960e-17  7.953e-17  7.931e-17  7.909e-17
  7.880e-17  7.850e-17  7.814e-17  7.774e-17  7.730e-17  7.678e-17  7.626e-17  7.567e-17  7.508e-17  7.439e-17
  7.368e-17  7.298e-17  7.229e-17  7.160e-17  7.091e-17  7.022e-17  6.959e-17  6.895e-17  6.829e-17  6.761e-17
  6.693e-17  6.626e-17  6.559e-17  6.492e-17  6.423e-17  6.356e-17  6.288e-17  6.220e-17  6.156e-17  6.091e-17
  6.023e-17  5.953e-17  5.440e-17  5.356e-17  5.273e-17  5.191e-17  5.109e-17  5.028e-17  4.948e-17  4.869e-17
  4.790e-17  4.712e-17  4.635e-17  4.559e-17  4.484e-17  4.410e-17  4.336e-17  4.263e-17  4.192e-17  4.121e-17
  4.051e-17  3.981e-17  3.913e-17  3.846e-17  3.779e-17  3.714e-17  3.649e-17  3.585e-17  3.522e-17  3.460e-17
  3.399e-17  3.338e-17  3.279e-17  3.220e-17  3.162e-17  3.105e-17  3.049e-17  2.994e-17  2.940e-17  2.886e-17
CO2P           18.100
CO2          + E            = CO2P         + E            +              +                
  0.000e+00  0.000e+00  0.000e+00  0.000e+00  0.000e+00  0.000e+00  0.000e+00  0.000e+00  0.000e+00  0.000e+00
  0.000e+00  0.000e+00  0.000e+00  0.000e+00  0.000e+00  0.000e+00  0.000e+00  0.000e+00  0.000e+00  0.000e+00
  0.000e+00  0.000e+00  0.000e+00  0.000e+00  0.000e+00  0.000e+00  0.000e+00  0.000e+00  0.000e+00  0.000e+00
  0.000e+00  0.000e+00  0.000e+00  0.000e+00  0.000e+00  0.000e+00  0.000e+00  0.000e+00  0.000e+00  0.000e+00
  0.000e+00  0.000e+00  0.000e+00  0.000e+00  0.000e+00  0.000e+00  0.000e+00  0.000e+00  0.000e+00  0.000e+00
  1.695e-18  2.553e-18  3.278e-18  4.094e-18  4.827e-18  5.595e-18  6.414e-18  7.183e-18  8.028e-18  8.736e-18
  9.479e-18  1.016e-17  1.088e-17  1.167e-17  1.242e-17  1.316e-17  1.384e-17  1.452e-17  1.528e-17  1.612e-17
  1.683e-17  1.757e-17  1.828e-17  1.904e-17  1.984e-17  2.069e-17  2.141e-17  2.218e-17  2.300e-17  2.388e-17
  2.469e-17  2.554e-17  2.630e-17  2.708e-17  2.785e-17  2.865e-17  2.939e-17  3.014e-17  3.093e-17  3.175e-17
  3.253e-17  3.330e-17  3.405e-17  3.479e-17  3.558e-17  3.643e-17  3.726e-17  3.794e-17  3.863e-17  3.926e-17
  3.992e-17  4.060e-17  4.132e-17  4.183e-17  4.229e-17  4.272e-17  4.313e-17  4.353e-17  4.392e-17  4.431e-17
  4.468e-17  4.507e-17  4.533e-17  4.559e-17  4.583e-17  4.605e-17  4.627e-17  4.646e-17  4.662e-17  4.671e-17
  4.680e-17  4.684e-17  4.689e-17  4.683e-17  4.674e-17  4.668e-17  4.663e-17  4.654e-17  4.637e-17  4.619e-17
  4.598e-17  4.577e-17  4.547e-17  4.512e-17  4.476e-17  4.442e-17  4.407e-17  4.367e-17  4.325e-17  4.286e-17
  4.246e-17  4.207e-17  4.168e-17  4.127e-17  4.085e-17  4.041e-17  4.003e-17  3.965e-17  3.927e-17  3.889e-17
  3.850e-17  3.810e-17  3.769e-17  3.732e-17  3.693e-17  3.649e-17  3.603e-17  3.558e-17  3.520e-17  3.481e-17
  3.442e-17  3.403e-17  3.139e-17  3.091e-17  3.043e-17  2.995e-17  2.948e-17  2.901e-17  2.855e-17  2.809e-17
  2.764e-17  2.719e-17  2.675e-17  2.631e-17  2.587e-17  2.544e-17  2.502e-17  2.460e-17  2.419e-17  2.378e-17
  2.337e-17  2.297e-17  2.258e-17  2.219e-17  2.181e-17  2.143e-17  2.105e-17  2.069e-17  2.032e-17  1.996e-17
  1.961e-17  1.926e-17  1.892e-17  1.858e-17  1.825e-17  1.792e-17  1.759e-17  1.728e-17  1.696e-17  1.665e-17
CO2P           19.400
CO2          + E            = CO2P         + E            +              +                
  0.000e+00  0.000e+00  0.000e+00  0.000e+00  0.000e+00  0.000e+00  0.000e+00  0.000e+00  0.000e+00  0.000e+00
  0.000e+00  0.000e+00  0.000e+00  0.000e+00  0.000e+00  0.000e+00  0.000e+00  0.000e+00  0.000e+00  0.000e+00
  0.000e+00  0.000e+00  0.000e+00  0.000e+00  0.000e+00  0.000e+00  0.000e+00  0.000e+00  0.000e+00  0.000e+00
  0.000e+00  0.000e+00  0.000e+00  0.000e+00  0.000e+00  0.000e+00  0.000e+00  0.000e+00  0.000e+00  0.000e+00
  0.000e+00  0.000e+00  0.000e+00  0.000e+00  0.000e+00  0.000e+00  0.000e+00  0.000e+00  0.000e+00  0.000e+00
  0.000e+00  6.756e-19  1.416e-18  2.141e-18  2.822e-18  3.465e-18  4.069e-18  4.626e-18  5.150e-18  5.629e-18
  6.073e-18  6.488e-18  6.866e-18  7.220e-18  7.545e-18  7.845e-18  8.122e-18  8.380e-18  8.618e-18  8.839e-18
  9.044e-18  9.234e-18  9.410e-18  9.573e-18  9.724e-18  9.863e-18  9.992e-18  1.011e-17  1.022e-17  1.032e-17
  1.041e-17  1.050e-17  1.057e-17  1.064e-17  1.070e-17  1.076e-17  1.081e-17  1.085e-17  1.089e-17  1.092e-17
  1.094e-17  1.096e-17  1.097e-17  1.098e-17  1.099e-17  1.099e-17  1.098e-17  1.097e-17  1.096e-17  1.094e-17
  1.092e-17  1.090e-17  1.087e-17  1.084e-17  1.080e-17  1.076e-17  1.072e-17  1.068e-17  1.063e-17  1.058e-17
  1.053e-17  1.047e-17  1.041e-17  1.035e-17  1.029e-17  1.023e-17  1.016e-17  1.009e-17  1.002e-17  9.952e-18
  9.878e-18  9.804e-18  9.727e-18  9.650e-18  9.571e-18  9.491e-18  9.410e-18  9.327e-18  9.244e-18  9.160e-18
  9.074e-18  8.988e-18  8.902e-18  8.814e-18  8.726e-18  8.638e-18  8.548e-18  8.459e-18  8.369e-18  8.279e-18
  8.188e-18  8.097e-18  8.006e-18  7.915e-18  7.824e-18  7.732e-18  7.641e-18  7.550e-18  7.459e-18  7.368e-18
  7.277e-18  7.186e-18  7.095e-18  7.005e-18  6.915e-18  6.825e-18  6.736e-18  6.647e-18  6.558e-18  6.470e-18
  6.383e-18  6.295e-18  6.209e-18  6.123e-18  6.037e-18  5.952e-18  5.868e-18  5.784e-18  5.701e-18  5.618e-18
  5.536e-18  5.455e-18  5.374e-18  5.295e-18  5.215e-18  5.137e-18  5.059e-18  4.982e-18  4.906e-18  4.831e-18
  4.756e-18  4.682e-18  4.609e-18  4.537e-18  4.465e-18  4.394e-18  4.324e-18  4.255e-18  4.187e-18  4.119e-18
  4.052e-18  3.986e-18  3.921e-18  3.857e-18  3.793e-18  3.731e-18  3.669e-18  3.607e-18  3.547e-18  3.487e-18
COP            24.760
CO2          + E            = COP          + O            + E            +                
  0.000e+00  0.000e+00  0.000e+00  0.000e+00  0.000e+00  0.000e+00  0.000e+00  0.000e+00  0.000e+00  0.000e+00
  0.000e+00  0.000e+00  0.000e+00  0.000e+00  0.000e+00  0.000e+00  0.000e+00  0.000e+00  0.000e+00  0.000e+00
  0.000e+00  0.000e+00  0.000e+00  0.000e+00  0.000e+00  0.000e+00  0.000e+00  0.000e+00  0.000e+00  0.000e+00
  0.000e+00  0.000e+00  0.000e+00  0.000e+00  0.000e+00  0.000e+00  0.000e+00  0.000e+00  0.000e+00  0.000e+00
  0.000e+00  0.000e+00  0.000e+00  0.000e+00  0.000e+00  0.000e+00  0.000e+00  0.000e+00  0.000e+00  0.000e+00
  0.000e+00  0.000e+00  0.000e+00  0.000e+00  0.000e+00  0.000e+00  0.000e+00  0.000e+00  1.107e-18  3.251e-18
  5.374e-18  7.482e-18  9.512e-18  1.150e-17  1.341e-17  1.525e-17  1.700e-17  1.868e-17  2.028e-17  2.181e-17
  2.325e-17  2.462e-17  2.592e-17  2.714e-17  2.828e-17  2.936e-17  3.037e-17  3.131e-17  3.219e-17  3.300e-17
  3.376e-17  3.446e-17  3.510e-17  3.569e-17  3.623e-17  3.671e-17  3.715e-17  3.755e-17  3.790e-17  3.821e-17
  3.847e-17  3.870e-17  3.890e-17  3.906e-17  3.918e-17  3.928e-17  3.934e-17  3.938e-17  3.939e-17  3.938e-17
  3.934e-17  3.928e-17  3.919e-17  3.909e-17  3.897e-17  3.883e-17  3.867e-17  3.850e-17  3.831e-17  3.811e-17
  3.789e-17  3.767e-17  3.743e-17  3.717e-17  3.691e-17  3.664e-17  3.636e-17  3.607e-17  3.578e-17  3.547e-17
  3.516e-17  3.485e-17  3.452e-17  3.420e-17  3.386e-17  3.353e-17  3.318e-17  3.284e-17  3.249e-17  3.214e-17
  3.178e-17  3.143e-17  3.107e-17  3.071e-17  3.035e-17  2.998e-17  2.962e-17  2.926e-17  2.889e-17  2.853e-17
  2.816e-17  2.780e-17  2.743e-17  2.707e-17  2.671e-17  2.635e-17  2.599e-17  2.563e-17  2.527e-17  2.491e-17
  2.456e-17  2.421e-17  2.386e-17  2.351e-17  2.317e-17  2.282e-17  2.248e-17  2.214e-17  2.181e-17  2.148e-17
  2.115e-17  2.082e-17  2.050e-17  2.018e-17  1.986e-17  1.954e-17  1.923e-17  1.892e-17  1.862e-17  1.832e-17
  1.802e-17  1.772e-17  1.743e-17  1.715e-17  1.686e-17  1.658e-17  1.630e-17  1.603e-17  1.576e-17  1.549e-17
  1.522e-17  1.496e-17  1.471e-17  1.445e-17  1.420e-17  1.396e-17  1.371e-17  1.347e-17  1.324e-17  1.300e-17
  1.277e-17  1.255e-17  1.232e-17  1.210e-17  1.189e-17  1.167e-17  1.146e-17  1.126e-17  1.105e-17  1.085e-17
OP             24.500
CO2          + E            = OP           + CO           + E            +                
  0.000e+00  0.000e+00  0.000e+00  0.000e+00  0.000e+00  0.000e+00  0.000e+00  0.000e+00  0.000e+00  0.000e+00
  0.000e+00  0.000e+00  0.000e+00  0.000e+00  0.000e+00  0.000e+00  0.000e+00  0.000e+00  0.000e+00  0.000e+00
  0.000e+00  0.000e+00  0.000e+00  0.000e+00  0.000e+00  0.000e+00  0.000e+00  0.000e+00  0.000e+00  0.000e+00
  0.000e+00  0.000e+00  0.000e+00  0.000e+00  0.000e+00  0.000e+00  0.000e+00  0.000e+00  0.000e+00  0.000e+00
  0.000e+00  0.000e+00  0.000e+00  0.000e+00  0.000e+00  0.000e+00  0.000e+00  0.000e+00  0.000e+00  0.000e+00
  0.000e+00  0.000e+00  0.000e+00  0.000e+00  0.000e+00  0.000e+00  0.000e+00  0.000e+00  1.393e-19  4.703e-19
  9.722e-19  1.644e-18  2.462e-18  3.435e-18  4.547e-18  5.788e-18  7.150e-18  8.641e-18  1.024e-17  1.195e-17
  1.374e-17  1.563e-17  1.761e-17  1.965e-17  2.175e-17  2.390e-17  2.610e-17  2.831e-17  3.055e-17  3.279e-17
  3.504e-17  3.725e-17  3.945e-17  4.161e-17  4.371e-17  4.576e-17  4.773e-17  4.963e-17  5.145e-17  5.318e-17
  5.482e-17  5.637e-17  5.782e-17  5.916e-17  6.041e-17  6.156e-17  6.261e-17  6.357e-17  6.443e-17  6.520e-17
  6.588e-17  6.647e-17  6.698e-17  6.741e-17  6.777e-17  6.805e-17  6.827e-17  6.842e-17  6.851e-17  6.854e-17
  6.852e-17  6.844e-17  6.832e-17  6.815e-17  6.794e-17  6.768e-17  6.739e-17  6.707e-17  6.671e-17  6.632e-17
  6.591e-17  6.546e-17  6.500e-17  6.451e-17  6.400e-17  6.347e-17  6.293e-17  6.237e-17  6.179e-17  6.120e-17
  6.060e-17  5.999e-17  5.936e-17  5.873e-17  5.809e-17  5.745e-17  5.680e-17  5.614e-17  5.548e-17  5.482e-17
  5.415e-17  5.348e-17  5.281e-17  5.214e-17  5.146e-17  5.079e-17  5.012e-17  4.945e-17  4.878e-17  4.811e-17
  4.744e-17  4.678e-17  4.612e-17  4.547e-17  4.481e-17  4.416e-17  4.352e-17  4.288e-17  4.224e-17  4.161e-17
  4.098e-17  4.036e-17  3.974e-17  3.913e-17  3.853e-17  3.793e-17  3.733e-17  3.674e-17  3.616e-17  3.559e-17
  3.502e-17  3.445e-17  3.389e-17  3.334e-17  3.280e-17  3.226e-17  3.173e-17  3.120e-17  3.068e-17  3.017e-17
  2.966e-17  2.916e-17  2.867e-17  2.818e-17  2.770e-17  2.723e-17  2.676e-17  2.630e-17  2.584e-17  2.539e-17
  2.495e-17  2.452e-17  2.409e-17  2.366e-17  2.325e-17  2.284e-17  2.243e-17  2.203e-17  2.164e-17  2.125e-17
CP             29.500
CO2          + E            = CP           + O2           + E            +                
  0.000e+00  0.000e+00  0.000e+00  0.000e+00  0.000e+00  0.000e+00  0.000e+00  0.000e+00  0.000e+00  0.000e+00
  0.000e+00  0.000e+00  0.000e+00  0.000e+00  0.000e+00  0.000e+00  0.000e+00  0.000e+00  0.000e+00  0.000e+00
  0.000e+00  0.000e+00  0.000e+00  0.000e+00  0.000e+00  0.000e+00  0.000e+00  0.000e+00  0.000e+00  0.000e+00
  0.000e+00  0.000e+00  0.000e+00  0.000e+00  0.000e+00  0.000e+00  0.000e+00  0.000e+00  0.000e+00  0.000e+00
  0.000e+00  0.000e+00  0.000e+00  0.000e+00  0.000e+00  0.000e+00  0.000e+00  0.000e+00  0.000e+00  0.000e+00
  0.000e+00  0.000e+00  0.000e+00  0.000e+00  0.000e+00  0.000e+00  0.000e+00  0.000e+00  0.000e+00  0.000e+00
  0.000e+00  0.000e+00  0.000e+00  0.000e+00  4.127e-19  9.076e-19  1.454e-18  2.057e-18  2.707e-18  3.409e-18
  4.153e-18  4.945e-18  5.782e-18  6.653e-18  7.564e-18  8.511e-18  9.489e-18  1.049e-17  1.152e-17  1.256e-17
  1.363e-17  1.469e-17  1.575e-17  1.682e-17  1.787e-17  1.889e-17  1.989e-17  2.086e-17  2.179e-17  2.268e-17
  2.351e-17  2.430e-17  2.503e-17  2.570e-17  2.632e-17  2.688e-17  2.739e-17  2.784e-17  2.824e-17  2.859e-17
  2.889e-17  2.914e-17  2.935e-17  2.952e-17  2.965e-17  2.974e-17  2.980e-17  2.983e-17  2.983e-17  2.981e-17
  2.976e-17  2.968e-17  2.959e-17  2.948e-17  2.935e-17  2.920e-17  2.905e-17  2.887e-17  2.869e-17  2.849e-17
  2.829e-17  2.807e-17  2.785e-17  2.762e-17  2.738e-17  2.714e-17  2.689e-17  2.664e-17  2.638e-17  2.612e-17
  2.585e-17  2.559e-17  2.532e-17  2.505e-17  2.477e-17  2.450e-17  2.422e-17  2.394e-17  2.367e-17  2.339e-17
  2.311e-17  2.283e-17  2.255e-17  2.227e-17  2.200e-17  2.172e-17  2.144e-17  2.117e-17  2.089e-17  2.062e-17
  2.035e-17  2.008e-17  1.981e-17  1.955e-17  1.928e-17  1.902e-17  1.876e-17  1.850e-17  1.824e-17  1.798e-17
  1.773e-17  1.748e-17  1.723e-17  1.698e-17  1.674e-17  1.649e-17  1.625e-17  1.602e-17  1.578e-17  1.555e-17
  1.531e-17  1.509e-17  1.486e-17  1.463e-17  1.441e-17  1.419e-17  1.398e-17  1.376e-17  1.355e-17  1.334e-17
  1.313e-17  1.293e-17  1.273e-17  1.253e-17  1.233e-17  1.213e-17  1.194e-17  1.175e-17  1.156e-17  1.138e-17
  1.120e-17  1.101e-17  1.084e-17  1.066e-17  1.049e-17  1.032e-17  1.015e-17  9.979e-18  9.815e-18  9.652e-18
CPP            79.940
CO2          + E            = CPP          + O2           + E            +                
  0.000e+00  0.000e+00  0.000e+00  0.000e+00  0.000e+00  0.000e+00  0.000e+00  0.000e+00  0.000e+00  0.000e+00
  0.000e+00  0.000e+00  0.000e+00  0.000e+00  0.000e+00  0.000e+00  0.000e+00  0.000e+00  0.000e+00  0.000e+00
  0.000e+00  0.000e+00  0.000e+00  0.000e+00  0.000e+00  0.000e+00  0.000e+00  0.000e+00  0.000e+00  0.000e+00
  0.000e+00  0.000e+00  0.000e+00  0.000e+00  0.000e+00  0.000e+00  0.000e+00  0.000e+00  0.000e+00  0.000e+00
  0.000e+00  0.000e+00  0.000e+00  0.000e+00  0.000e+00  0.000e+00  0.000e+00  0.000e+00  0.000e+00  0.000e+00
  0.000e+00  0.000e+00  0.000e+00  0.000e+00  0.000e+00  0.000e+00  0.000e+00  0.000e+00  0.000e+00  0.000e+00
  0.000e+00  0.000e+00  0.000e+00  0.000e+00  0.000e+00  0.000e+00  0.000e+00  0.000e+00  0.000e+00  0.000e+00
  0.000e+00  0.000e+00  0.000e+00  0.000e+00  0.000e+00  0.000e+00  0.000e+00  0.000e+00  0.000e+00  0.000e+00
  0.000e+00  0.000e+00  0.000e+00  0.000e+00  0.000e+00  0.000e+00  0.000e+00  0.000e+00  0.000e+00  0.000e+00
  0.000e+00  0.000e+00  0.000e+00  0.000e+00  0.000e+00  0.000e+00  0.000e+00  0.000e+00  0.000e+00  6.116e-21
  1.418e-20  2.217e-20  3.005e-20  3.787e-20  4.561e-20  5.326e-20  6.081e-20  6.825e-20  7.558e-20  8.281e-20
  8.992e-20  9.692e-20  1.038e-19  1.105e-19  1.171e-19  1.235e-19  1.298e-19  1.359e-19  1.418e-19  1.476e-19
  1.532e-19  1.586e-19  1.638e-19  1.688e-19  1.737e-19  1.783e-19  1.827e-19  1.869e-19  1.908e-19  1.946e-19
  1.981e-19  2.014e-19  2.045e-19  2.073e-19  2.099e-19  2.123e-19  2.145e-19  2.164e-19  2.182e-19  2.197e-19
  2.210e-19  2.220e-19  2.229e-19  2.236e-19  2.241e-19  2.244e-19  2.245e-19  2.244e-19  2.242e-19  2.238e-19
  2.232e-19  2.225e-19  2.217e-19  2.207e-19  2.196e-19  2.183e-19  2.170e-19  2.155e-19  2.140e-19  2.123e-19
  2.106e-19  2.087e-19  2.068e-19  2.049e-19  2.028e-19  2.007e-19  1.986e-19  1.964e-19  1.941e-19  1.918e-19
  1.895e-19  1.872e-19  1.848e-19  1.824e-19  1.799e-19  1.775e-19  1.750e-19  1.726e-19  1.701e-19  1.676e-19
  1.652e-19  1.627e-19  1.602e-19  1.578e-19  1.553e-19  1.529e-19  1.504e-19  1.480e-19  1.456e-19  1.432e-19
  1.408e-19  1.385e-19  1.361e-19  1.338e-19  1.315e-19  1.292e-19  1.270e-19  1.247e-19  1.225e-19  1.204e-19
OPP            94.000
CO2          + E            = OPP          + CO           + E            +                
  0.000e+00  0.000e+00  0.000e+00  0.000e+00  0.000e+00  0.000e+00  0.000e+00  0.000e+00  0.000e+00  0.000e+00
  0.000e+00  0.000e+00  0.000e+00  0.000e+00  0.000e+00  0.000e+00  0.000e+00  0.000e+00  0.000e+00  0.000e+00
  0.000e+00  0.000e+00  0.000e+00  0.000e+00  0.000e+00  0.000e+00  0.000e+00  0.000e+00  0.000e+00  0.000e+00
  0.000e+00  0.000e+00  0.000e+00  0.000e+00  0.000e+00  0.000e+00  0.000e+00  0.000e+00  0.000e+00  0.000e+00
  0.000e+00  0.000e+00  0.000e+00  0.000e+00  0.000e+00  0.000e+00  0.000e+00  0.000e+00  0.000e+00  0.000e+00
  0.000e+00  0.000e+00  0.000e+00  0.000e+00  0.000e+00  0.000e+00  0.000e+00  0.000e+00  0.000e+00  0.000e+00
  0.000e+00  0.000e+00  0.000e+00  0.000e+00  0.000e+00  0.000e+00  0.000e+00  0.000e+00  0.000e+00  0.000e+00
  0.000e+00  0.000e+00  0.000e+00  0.000e+00  0.000e+00  0.000e+00  0.000e+00  0.000e+00  0.000e+00  0.000e+00
  0.000e+00  0.000e+00  0.000e+00  0.000e+00  0.000e+00  0.000e+00  0.000e+00  0.000e+00  0.000e+00  0.000e+00
  0.000e+00  0.000e+00  0.000e+00  0.000e+00  0.000e+00  0.000e+00  0.000e+00  0.000e+00  0.000e+00  0.000e+00
  0.000e+00  0.000e+00  0.000e+00  0.000e+00  0.000e+00  1.618e-20  4.142e-20  6.594e-20  8.953e-20  1.121e-19
  1.335e-19  1.535e-19  1.721e-19  1.892e-19  2.048e-19  2.189e-19  2.315e-19  2.428e-19  2.527e-19  2.613e-19
  2.688e-19  2.751e-19  2.805e-19  2.849e-19  2.885e-19  2.913e-19  2.935e-19  2.949e-19  2.959e-19  2.962e-19
  2.962e-19  2.957e-19  2.948e-19  2.936e-19  2.921e-19  2.903e-19  2.883e-19  2.861e-19  2.837e-19  2.811e-19
  2.784e-19  2.755e-19  2.725e-19  2.694e-19  2.663e-19  2.630e-19  2.597e-19  2.563e-19  2.529e-19  2.495e-19
  2.460e-19  2.426e-19  2.391e-19  2.356e-19  2.320e-19  2.285e-19  2.250e-19  2.215e-19  2.180e-19  2.146e-19
  2.111e-19  2.077e-19  2.043e-19  2.009e-19  1.976e-19  1.942e-19  1.910e-19  1.877e-19  1.845e-19  1.813e-19
  1.781e-19  1.750e-19  1.719e-19  1.689e-19  1.659e-19  1.629e-19  1.600e-19  1.571e-19  1.543e-19  1.515e-19
  1.487e-19  1.460e-19  1.433e-19  1.406e-19  1.380e-19  1.355e-19  1.329e-19  1.305e-19  1.280e-19  1.256e-19
  1.232e-19  1.209e-19  1.186e-19  1.163e-19  1.141e-19  1.119e-19  1.098e-19  1.077e-19  1.056e-19  1.036e-19
CO2PP          37.600
CO2          + E            = CO2PP        + E            +              +                
  0.000e+00  0.000e+00  0.000e+00  0.000e+00  0.000e+00  0.000e+00  0.000e+00  0.000e+00  0.000e+00  0.000e+00
  0.000e+00  0.000e+00  0.000e+00  0.000e+00  0.000e+00  0.000e+00  0.000e+00  0.000e+00  0.000e+00  0.000e+00
  0.000e+00  0.000e+00  0.000e+00  0.000e+00  0.000e+00  0.000e+00  0.000e+00  0.000e+00  0.000e+00  0.000e+00
  0.000e+00  0.000e+00  0.000e+00  0.000e+00  0.000e+00  0.000e+00  0.000e+00  0.000e+00  0.000e+00  0.000e+00
  0.000e+00  0.000e+00  0.000e+00  0.000e+00  0.000e+00  0.000e+00  0.000e+00  0.000e+00  0.000e+00  0.000e+00
  0.000e+00  0.000e+00  0.000e+00  0.000e+00  0.000e+00  0.000e+00  0.000e+00  0.000e+00  0.000e+00  0.000e+00
  0.000e+00  0.000e+00  0.000e+00  0.000e+00  0.000e+00  0.000e+00  0.000e+00  0.000e+00  0.000e+00  0.000e+00
  0.000e+00  0.000e+00 -7.775e-19 -6.194e-19 -4.643e-19 -3.125e-19 -1.644e-19 -2.114e-20  1.192e-19  2.555e-19
  3.883e-19  5.158e-19  6.397e-19  7.598e-19  8.752e-19  9.866e-19  1.093e-18  1.196e-18  1.295e-18  1.389e-18
  1.479e-18  1.565e-18  1.647e-18  1.725e-18  1.799e-18  1.868e-18  1.935e-18  1.997e-18  2.055e-18  2.110e-18
  2.162e-18  2.209e-18  2.254e-18  2.295e-18  2.332e-18  2.367e-18  2.398e-18  2.427e-18  2.452e-18  2.475e-18
  2.495e-18  2.513e-18  2.528e-18  2.540e-18  2.550e-18  2.558e-18  2.563e-18  2.567e-18  2.568e-18  2.568e-18
  2.566e-18  2.562e-18  2.556e-18  2.549e-18  2.540e-18  2.530e-18  2.519e-18  2.506e-18  2.492e-18  2.477e-18
  2.461e-18  2.443e-18  2.425e-18  2.406e-18  2.386e-18  2.366e-18  2.345e-18  2.323e-18  2.300e-18  2.277e-18
  2.253e-18  2.229e-18  2.205e-18  2.180e-18  2.155e-18  2.129e-18  2.104e-18  2.078e-18  2.051e-18  2.025e-18
  1.999e-18  1.972e-18  1.945e-18  1.919e-18  1.892e-18  1.865e-18  1.838e-18  1.812e-18  1.785e-18  1.759e-18
  1.732e-18  1.706e-18  1.680e-18  1.654e-18  1.628e-18  1.602e-18  1.576e-18  1.551e-18  1.526e-18  1.501e-18
  1.476e-18  1.452e-18  1.427e-18  1.403e-18  1.379e-18  1.356e-18  1.333e-18  1.310e-18  1.287e-18  1.264e-18
  1.242e-18  1.220e-18  1.198e-18  1.177e-18  1.156e-18  1.135e-18  1.114e-18  1.094e-18  1.074e-18  1.054e-18
  1.035e-18  1.016e-18  9.968e-19  9.782e-19  9.599e-19  9.418e-19  9.241e-19  9.066e-19  8.894e-19  8.724e-19
