  200    1   1  20 20
 MEAN ENERGY IN BINS
  0.10000E+00  0.30000E+00  0.50000E+00  0.71000E+00  0.93000E+00  0.11500E+01  0.13800E+01  0.16100E+01  0.18400E+01  0.20900E+01
  0.23400E+01  0.25900E+01  0.28500E+01  0.31200E+01  0.33900E+01  0.36700E+01  0.39600E+01  0.42600E+01  0.45600E+01  0.48700E+01
  0.51800E+01  0.55100E+01  0.58400E+01  0.61800E+01  0.65300E+01  0.68900E+01  0.72500E+01  0.76300E+01  0.80100E+01  0.84100E+01
  0.88100E+01  0.92200E+01  0.96500E+01  0.10080E+02  0.10530E+02  0.10980E+02  0.11450E+02  0.11930E+02  0.12420E+02  0.12920E+02
  0.13430E+02  0.13960E+02  0.14500E+02  0.15050E+02  0.15620E+02  0.16200E+02  0.16790E+02  0.17400E+02  0.18020E+02  0.18660E+02
  0.19320E+02  0.19990E+02  0.20670E+02  0.21380E+02  0.22100E+02  0.22840E+02  0.23600E+02  0.24370E+02  0.25170E+02  0.25980E+02
  0.26810E+02  0.27670E+02  0.28540E+02  0.29440E+02  0.30360E+02  0.31300E+02  0.32260E+02  0.33250E+02  0.34260E+02  0.35300E+02
  0.36360E+02  0.37450E+02  0.38570E+02  0.39710E+02  0.40880E+02  0.42080E+02  0.43310E+02  0.44560E+02  0.45850E+02  0.47170E+02
  0.48530E+02  0.49910E+02  0.51330E+02  0.52790E+02  0.54280E+02  0.55810E+02  0.57370E+02  0.58970E+02  0.60620E+02  0.62300E+02
  0.64020E+02  0.65790E+02  0.67600E+02  0.69450E+02  0.71350E+02  0.73290E+02  0.75290E+02  0.77330E+02  0.79420E+02  0.81560E+02
  0.83760E+02  0.86010E+02  0.88310E+02  0.90670E+02  0.93090E+02  0.95570E+02  0.98110E+02  0.10071E+03  0.10337E+03  0.10610E+03
  0.10890E+03  0.11177E+03  0.11470E+03  0.11771E+03  0.12079E+03  0.12395E+03  0.12718E+03  0.13049E+03  0.13389E+03  0.13736E+03
  0.14093E+03  0.14458E+03  0.14832E+03  0.15215E+03  0.15607E+03  0.16009E+03  0.16421E+03  0.16843E+03  0.17275E+03  0.17718E+03
  0.18172E+03  0.18637E+03  0.19113E+03  0.19601E+03  0.20101E+03  0.20613E+03  0.21138E+03  0.21676E+03  0.22226E+03  0.22790E+03
  0.23368E+03  0.23961E+03  0.24567E+03  0.25189E+03  0.25826E+03  0.26478E+03  0.27146E+03  0.27831E+03  0.28533E+03  0.29251E+03
  0.29988E+03  0.30742E+03  0.31515E+03  0.32307E+03  0.33118E+03  0.33949E+03  0.34800E+03  0.35672E+03  0.36566E+03  0.37481E+03
  0.38419E+03  0.39380E+03  0.40364E+03  0.41373E+03  0.42406E+03  0.43465E+03  0.44549E+03  0.45660E+03  0.46798E+03  0.47964E+03
  0.49159E+03  0.50383E+03  0.51637E+03  0.52922E+03  0.54238E+03  0.55586E+03  0.56968E+03  0.58383E+03  0.59833E+03  0.61318E+03
  0.62840E+03  0.64399E+03  0.65996E+03  0.67633E+03  0.69309E+03  0.71027E+03  0.72786E+03  0.74589E+03  0.76436E+03  0.78328E+03
  0.80266E+03  0.82252E+03  0.84287E+03  0.86371E+03  0.88507E+03  0.90695E+03  0.92936E+03  0.95232E+03  0.97585E+03  0.10000E+04
WIDTH OF ENERGY BINS
  0.20000E+00  0.20000E+00  0.20080E+00  0.21000E+00  0.22010E+00  0.22060E+00  0.23090E+00  0.23160E+00  0.24220E+00  0.24320E+00
  0.25410E+00  0.25540E+00  0.26660E+00  0.26820E+00  0.27970E+00  0.28160E+00  0.29340E+00  0.29570E+00  0.30790E+00  0.31050E+00
  0.32300E+00  0.32600E+00  0.33890E+00  0.34230E+00  0.35560E+00  0.35940E+00  0.37310E+00  0.37730E+00  0.39150E+00  0.39620E+00
  0.41080E+00  0.41590E+00  0.43100E+00  0.43670E+00  0.45230E+00  0.45850E+00  0.47460E+00  0.48130E+00  0.49800E+00  0.50530E+00
  0.52260E+00  0.53050E+00  0.54840E+00  0.55690E+00  0.57550E+00  0.58470E+00  0.60390E+00  0.61380E+00  0.63370E+00  0.64430E+00
  0.66500E+00  0.67640E+00  0.69790E+00  0.71010E+00  0.73240E+00  0.74540E+00  0.76860E+00  0.78250E+00  0.80660E+00  0.82140E+00
  0.84640E+00  0.86230E+00  0.88830E+00  0.90520E+00  0.93220E+00  0.95020E+00  0.97830E+00  0.99740E+00  0.10270E+01  0.10470E+01
  0.10780E+01  0.10990E+01  0.11310E+01  0.11540E+01  0.11870E+01  0.12110E+01  0.12460E+01  0.12710E+01  0.13070E+01  0.13340E+01
  0.13720E+01  0.14010E+01  0.14400E+01  0.14700E+01  0.15110E+01  0.15430E+01  0.15860E+01  0.16200E+01  0.16640E+01  0.17000E+01
  0.17470E+01  0.17850E+01  0.18330E+01  0.18730E+01  0.19240E+01  0.19660E+01  0.20190E+01  0.20640E+01  0.21200E+01  0.21670E+01
  0.22250E+01  0.22740E+01  0.23350E+01  0.23870E+01  0.24500E+01  0.25060E+01  0.25720E+01  0.26300E+01  0.26990E+01  0.27600E+01
  0.28330E+01  0.28970E+01  0.29730E+01  0.30410E+01  0.31210E+01  0.31920E+01  0.32750E+01  0.33510E+01  0.34380E+01  0.35170E+01
  0.36080E+01  0.36910E+01  0.37870E+01  0.38750E+01  0.39740E+01  0.40670E+01  0.41710E+01  0.42690E+01  0.43780E+01  0.44800E+01
  0.45950E+01  0.47030E+01  0.48230E+01  0.49360E+01  0.50620E+01  0.51810E+01  0.53130E+01  0.54380E+01  0.55760E+01  0.57080E+01
  0.58530E+01  0.59910E+01  0.61430E+01  0.62880E+01  0.64470E+01  0.66000E+01  0.67670E+01  0.69280E+01  0.71020E+01  0.72710E+01
  0.74540E+01  0.76320E+01  0.78240E+01  0.80110E+01  0.82120E+01  0.84080E+01  0.86190E+01  0.88250E+01  0.90460E+01  0.92630E+01
  0.94950E+01  0.97220E+01  0.99660E+01  0.10200E+02  0.10460E+02  0.10710E+02  0.10980E+02  0.11240E+02  0.11520E+02  0.11800E+02
  0.12090E+02  0.12390E+02  0.12690E+02  0.13000E+02  0.13320E+02  0.13640E+02  0.13980E+02  0.14320E+02  0.14680E+02  0.15030E+02
  0.15400E+02  0.15780E+02  0.16170E+02  0.16560E+02  0.16970E+02  0.17380E+02  0.17810E+02  0.18240E+02  0.18690E+02  0.19150E+02
  0.19620E+02  0.20100E+02  0.20590E+02  0.21090E+02  0.21620E+02  0.22140E+02  0.22690E+02  0.23240E+02  0.23810E+02  0.24490E+02
CO2          12    0   7
 TOTAL ELASTIC CROSS SECTION
  5.486E-15  5.378E-15  5.270E-15  5.157E-15  5.038E-15  4.919E-15  4.795E-15  4.651E-15  4.485E-15  4.429E-15
  4.594E-15  4.799E-15  5.085E-15  5.526E-15  6.147E-15  7.420E-15  8.160E-15  6.928E-15  5.824E-15  5.948E-15
  6.108E-15  6.306E-15  6.504E-15  6.717E-15  6.945E-15  7.178E-15  7.452E-15  7.760E-15  8.069E-15  8.447E-15
  8.825E-15  9.213E-15  9.619E-15  9.991E-15  1.022E-14  1.045E-14  1.069E-14  1.093E-14  1.118E-14  1.144E-14
  1.170E-14  1.197E-14  1.224E-14  1.251E-14  1.261E-14  1.272E-14  1.282E-14  1.293E-14  1.304E-14  1.316E-14
  1.328E-14  1.340E-14  1.343E-14  1.346E-14  1.348E-14  1.351E-14  1.354E-14  1.357E-14  1.359E-14  1.356E-14
  1.353E-14  1.349E-14  1.346E-14  1.342E-14  1.335E-14  1.320E-14  1.306E-14  1.291E-14  1.276E-14  1.261E-14
  1.245E-14  1.228E-14  1.211E-14  1.194E-14  1.178E-14  1.161E-14  1.144E-14  1.126E-14  1.108E-14  1.090E-14
  1.071E-14  1.051E-14  1.038E-14  1.025E-14  1.011E-14  9.977E-15  9.837E-15  9.693E-15  9.568E-15  9.482E-15
  9.394E-15  9.303E-15  9.211E-15  9.116E-15  9.018E-15  8.919E-15  8.816E-15  8.712E-15  8.605E-15  8.495E-15
  8.382E-15  8.267E-15  8.149E-15  8.028E-15  7.904E-15  7.777E-15  7.647E-15  7.532E-15  7.466E-15  7.399E-15
  7.329E-15  7.258E-15  7.185E-15  7.111E-15  7.034E-15  6.956E-15  6.876E-15  6.794E-15  6.710E-15  6.623E-15
  6.535E-15  6.444E-15  6.352E-15  6.257E-15  6.159E-15  6.060E-15  5.958E-15  5.853E-15  5.746E-15  5.636E-15
  5.523E-15  5.408E-15  5.290E-15  5.169E-15  5.059E-15  5.005E-15  4.949E-15  4.892E-15  4.834E-15  4.774E-15
  4.713E-15  4.650E-15  4.586E-15  4.520E-15  4.452E-15  4.383E-15  4.313E-15  4.240E-15  4.166E-15  4.089E-15
  4.011E-15  3.964E-15  3.916E-15  3.867E-15  3.817E-15  3.765E-15  3.712E-15  3.658E-15  3.603E-15  3.546E-15
  3.488E-15  3.428E-15  3.375E-15  3.334E-15  3.291E-15  3.248E-15  3.203E-15  3.158E-15  3.111E-15  3.063E-15
  3.014E-15  2.969E-15  2.931E-15  2.892E-15  2.853E-15  2.812E-15  2.771E-15  2.729E-15  2.685E-15  2.650E-15
  2.615E-15  2.579E-15  2.542E-15  2.504E-15  2.466E-15  2.430E-15  2.397E-15  2.363E-15  2.328E-15  2.292E-15
  2.256E-15  2.226E-15  2.196E-15  2.164E-15  2.132E-15  2.102E-15  2.075E-15  2.047E-15  2.019E-15  1.990E-15
 TOTAL INELASTIC CROSS SECTION
  7.402E-14  6.894E-14  4.798E-14  3.704E-14  3.028E-14  2.583E-14  2.255E-14  2.009E-14  1.817E-14  1.652E-14 
  1.518E-14  1.406E-14  1.309E-14  1.223E-14  1.149E-14  1.083E-14  1.023E-14  9.684E-15  9.201E-15  8.759E-15 
  8.363E-15  7.985E-15  7.644E-15  7.326E-15  7.030E-15  6.752E-15  6.500E-15  6.256E-15  6.032E-15  5.815E-15 
  5.615E-15  5.427E-15  5.245E-15  5.075E-15  4.914E-15  4.762E-15  4.617E-15  4.477E-15  4.349E-15  4.225E-15 
  4.110E-15  4.008E-15  3.947E-15  2.014E-15  3.838E-15  3.792E-15  3.754E-15  3.717E-15  2.059E-15  2.081E-15 
  2.101E-15  2.119E-15  2.146E-15  2.181E-15  2.236E-15  2.294E-15  2.355E-15  2.428E-15  2.500E-15  2.566E-15 
  2.635E-15  2.707E-15  2.781E-15  2.859E-15  2.927E-15  2.980E-15  3.034E-15  3.090E-15  3.149E-15  3.206E-15 
  3.253E-15  3.302E-15  3.354E-15  3.406E-15  3.453E-15  3.499E-15  3.546E-15  3.595E-15  3.638E-15  3.678E-15 
  3.720E-15  3.763E-15  3.797E-15  3.832E-15  3.868E-15  3.907E-15  3.948E-15  3.990E-15  4.027E-15  4.054E-15 
  4.081E-15  4.106E-15  4.128E-15  4.151E-15  4.171E-15  4.190E-15  4.211E-15  4.239E-15  4.268E-15  4.284E-15 
  4.294E-15  4.307E-15  4.322E-15  4.335E-15  4.343E-15  4.352E-15  4.363E-15  4.370E-15  4.364E-15  4.358E-15 
  4.352E-15  4.344E-15  4.335E-15  4.326E-15  4.316E-15  4.301E-15  4.286E-15  4.271E-15  4.256E-15  4.241E-15 
  4.222E-15  4.192E-15  4.162E-15  4.132E-15  4.101E-15  4.069E-15  4.044E-15  4.019E-15  3.993E-15  3.967E-15 
  3.937E-15  3.903E-15  3.868E-15  3.833E-15  3.798E-15  3.767E-15  3.736E-15  3.704E-15  3.672E-15  3.634E-15 
  3.592E-15  3.548E-15  3.504E-15  3.465E-15  3.437E-15  3.409E-15  3.381E-15  3.344E-15  3.296E-15  3.248E-15 
  3.199E-15  3.156E-15  3.113E-15  3.069E-15  3.024E-15  2.978E-15  2.931E-15  2.896E-15  2.864E-15  2.832E-15 
  2.799E-15  2.765E-15  2.728E-15  2.684E-15  2.638E-15  2.592E-15  2.545E-15  2.504E-15  2.468E-15  2.431E-15 
  2.393E-15  2.355E-15  2.317E-15  2.279E-15  2.240E-15  2.202E-15  2.168E-15  2.133E-15  2.097E-15  2.068E-15 
  2.039E-15  2.010E-15  1.977E-15  1.944E-15  1.909E-15  1.879E-15  1.851E-15  1.823E-15  1.791E-15  1.756E-15 
  1.721E-15  1.689E-15  1.655E-15  1.630E-15  1.608E-15  1.586E-15  1.562E-15  1.536E-15  1.506E-15  1.475E-15
V=010      0.080   !
  3.701E-14  3.446E-14  2.398E-14  1.851E-14  1.513E-14  1.291E-14  1.127E-14  1.004E-14  9.081E-15  8.254E-15
  7.584E-15  7.028E-15  6.541E-15  6.112E-15  5.743E-15  5.411E-15  5.111E-15  4.839E-15  4.598E-15  4.377E-15
  4.179E-15  3.990E-15  3.820E-15  3.661E-15  3.513E-15  3.374E-15  3.248E-15  3.126E-15  3.014E-15  2.906E-15
  2.806E-15  2.712E-15  2.621E-15  2.536E-15  2.455E-15  2.379E-15  2.305E-15  2.235E-15  2.169E-15  2.106E-15
  2.045E-15  1.987E-15  1.931E-15  1.878E-15  1.826E-15  1.777E-15  1.730E-15  1.684E-15  1.641E-15  1.598E-15
  1.557E-15  1.518E-15  1.480E-15  1.443E-15  1.408E-15  1.373E-15  1.340E-15  1.308E-15  1.277E-15  1.247E-15
  1.218E-15  1.189E-15  1.162E-15  1.135E-15  1.109E-15  1.084E-15  1.060E-15  1.036E-15  1.013E-15  9.908E-16
  9.691E-16  9.478E-16  9.271E-16  9.071E-16  8.875E-16  8.685E-16  8.499E-16  8.320E-16  8.144E-16  7.972E-16
  7.804E-16  7.642E-16  7.482E-16  7.327E-16  7.175E-16  7.027E-16  6.884E-16  6.743E-16  6.605E-16  6.471E-16
  6.340E-16  6.212E-16  6.086E-16  5.964E-16  5.845E-16  5.728E-16  5.614E-16  5.503E-16  5.394E-16  5.287E-16
  5.183E-16  5.081E-16  4.981E-16  4.883E-16  4.788E-16  4.694E-16  4.603E-16  4.514E-16  4.426E-16  4.340E-16
  4.256E-16  4.174E-16  4.094E-16  4.015E-16  3.938E-16  3.863E-16  3.789E-16  3.717E-16  3.646E-16  3.576E-16
  3.508E-16  3.441E-16  3.376E-16  3.312E-16  3.250E-16  3.188E-16  3.128E-16  3.069E-16  3.011E-16  2.955E-16
  2.899E-16  2.845E-16  2.791E-16  2.739E-16  2.688E-16  2.638E-16  2.588E-16  2.540E-16  2.493E-16  2.446E-16
  2.401E-16  2.356E-16  2.312E-16  2.269E-16  2.227E-16  2.186E-16  2.146E-16  2.106E-16  2.067E-16  2.029E-16
  1.991E-16  1.954E-16  1.918E-16  1.883E-16  1.848E-16  1.814E-16  1.781E-16  1.748E-16  1.716E-16  1.684E-16
  1.654E-16  1.623E-16  1.593E-16  1.564E-16  1.536E-16  1.507E-16  1.480E-16  1.453E-16  1.426E-16  1.400E-16
  1.374E-16  1.349E-16  1.325E-16  1.300E-16  1.277E-16  1.253E-16  1.231E-16  1.208E-16  1.186E-16  1.164E-16
  1.143E-16  1.122E-16  1.102E-16  1.082E-16  1.062E-16  1.043E-16  1.024E-16  1.005E-16  9.871E-17  9.691E-17
  9.515E-17  9.343E-17  9.173E-17  9.006E-17  8.843E-17  8.682E-17  8.525E-17  8.370E-17  8.218E-17  8.069E-17
V=100      0.180   !
  0.000E+00  1.789E-17  1.925E-17  1.713E-17  1.504E-17  1.337E-17  1.199E-17  1.089E-17  9.993E-18  9.187E-18
  8.516E-18  7.947E-18  7.441E-18  6.988E-18  6.594E-18  6.236E-18  5.909E-18  5.610E-18  5.344E-18  5.098E-18
  4.877E-18  4.665E-18  4.473E-18  4.293E-18  4.125E-18  3.967E-18  3.822E-18  3.682E-18  3.554E-18  3.429E-18
  3.315E-18  3.206E-18  3.100E-18  3.003E-18  2.908E-18  2.819E-18  2.734E-18  2.652E-18  2.574E-18  2.501E-18
  2.430E-18  2.361E-18  2.296E-18  2.234E-18  2.173E-18  2.115E-18  2.060E-18  2.006E-18  1.954E-18  1.904E-18
  1.856E-18  1.809E-18  1.765E-18  1.721E-18  1.679E-18  1.639E-18  1.599E-18  1.562E-18  1.524E-18  1.489E-18
  1.454E-18  1.421E-18  1.388E-18  1.356E-18  1.326E-18  1.296E-18  1.267E-18  1.239E-18  1.211E-18  1.185E-18
  1.159E-18  1.134E-18  1.109E-18  1.085E-18  1.062E-18  1.039E-18  1.017E-18  9.956E-19  9.746E-19  9.541E-19
  9.341E-19  9.147E-19  8.957E-19  8.772E-19  8.591E-19  8.414E-19  8.243E-19  8.075E-19  7.910E-19  7.750E-19
  7.593E-19  7.440E-19  7.291E-19  7.145E-19  7.002E-19  6.863E-19  6.726E-19  6.593E-19  6.462E-19  6.335E-19
  6.210E-19  6.088E-19  5.969E-19  5.852E-19  5.738E-19  5.626E-19  5.517E-19  5.410E-19  5.305E-19  5.203E-19
  5.102E-19  5.004E-19  4.908E-19  4.813E-19  4.721E-19  4.631E-19  4.542E-19  4.456E-19  4.371E-19  4.288E-19
  4.206E-19  4.126E-19  4.048E-19  3.972E-19  3.897E-19  3.823E-19  3.751E-19  3.680E-19  3.611E-19  3.543E-19
  3.477E-19  3.411E-19  3.348E-19  3.285E-19  3.224E-19  3.163E-19  3.104E-19  3.046E-19  2.990E-19  2.934E-19
  2.879E-19  2.826E-19  2.774E-19  2.722E-19  2.672E-19  2.622E-19  2.574E-19  2.526E-19  2.479E-19  2.433E-19
  2.388E-19  2.344E-19  2.301E-19  2.259E-19  2.217E-19  2.176E-19  2.136E-19  2.097E-19  2.059E-19  2.021E-19
  1.984E-19  1.947E-19  1.912E-19  1.876E-19  1.842E-19  1.808E-19  1.775E-19  1.743E-19  1.711E-19  1.680E-19
  1.649E-19  1.619E-19  1.589E-19  1.560E-19  1.532E-19  1.504E-19  1.476E-19  1.449E-19  1.423E-19  1.397E-19
  1.372E-19  1.347E-19  1.322E-19  1.298E-19  1.274E-19  1.251E-19  1.229E-19  1.206E-19  1.184E-19  1.163E-19
  1.142E-19  1.121E-19  1.101E-19  1.081E-19  1.061E-19  1.042E-19  1.023E-19  1.004E-19  9.861E-20  9.682E-20
V=001      O.300   !
  0.000E+00  0.000E+00  1.976E-16  1.606E-16  1.318E-16  1.119E-16  9.687E-17  8.567E-17  7.697E-17  6.947E-17
  6.342E-17  5.844E-17  5.409E-17  5.027E-17  4.701E-17  4.409E-17  4.146E-17  3.908E-17  3.698E-17  3.506E-17
  3.336E-17  3.173E-17  3.027E-17  2.891E-17  2.765E-17  2.648E-17  2.541E-17  2.438E-17  2.343E-17  2.253E-17
  2.170E-17  2.091E-17  2.015E-17  1.945E-17  1.878E-17  1.815E-17  1.755E-17  1.697E-17  1.643E-17  1.591E-17
  1.542E-17  1.494E-17  1.449E-17  1.406E-17  1.364E-17  1.325E-17  1.287E-17  1.250E-17  1.215E-17  1.181E-17
  1.149E-17  1.117E-17  1.087E-17  1.058E-17  1.030E-17  1.003E-17  9.767E-18  9.516E-18  9.271E-18  9.036E-18
  8.808E-18  8.586E-18  8.373E-18  8.165E-18  7.964E-18  7.770E-18  7.582E-18  7.399E-18  7.222E-18  7.049E-18
  6.882E-18  6.719E-18  6.561E-18  6.408E-18  6.259E-18  6.114E-18  5.973E-18  5.837E-18  5.703E-18  5.574E-18
  5.447E-18  5.325E-18  5.205E-18  5.088E-18  4.975E-18  4.864E-18  4.756E-18  4.652E-18  4.549E-18  4.449E-18
  4.352E-18  4.257E-18  4.165E-18  4.074E-18  3.986E-18  3.901E-18  3.816E-18  3.735E-18  3.655E-18  3.577E-18
  3.501E-18  3.426E-18  3.354E-18  3.283E-18  3.214E-18  3.146E-18  3.080E-18  3.015E-18  2.952E-18  2.891E-18
  2.830E-18  2.771E-18  2.714E-18  2.657E-18  2.602E-18  2.549E-18  2.496E-18  2.445E-18  2.394E-18  2.345E-18
  2.297E-18  2.250E-18  2.204E-18  2.159E-18  2.115E-18  2.072E-18  2.029E-18  1.988E-18  1.948E-18  1.908E-18
  1.869E-18  1.832E-18  1.795E-18  1.758E-18  1.723E-18  1.688E-18  1.654E-18  1.621E-18  1.588E-18  1.556E-18
  1.525E-18  1.494E-18  1.464E-18  1.435E-18  1.406E-18  1.378E-18  1.351E-18  1.324E-18  1.297E-18  1.271E-18
  1.246E-18  1.221E-18  1.197E-18  1.173E-18  1.150E-18  1.127E-18  1.104E-18  1.083E-18  1.061E-18  1.040E-18
  1.019E-18  9.992E-19  9.794E-19  9.600E-19  9.410E-19  9.224E-19  9.042E-19  8.863E-19  8.688E-19  8.517E-19
  8.349E-19  8.184E-19  8.023E-19  7.865E-19  7.710E-19  7.558E-19  7.409E-19  7.263E-19  7.120E-19  6.980E-19
  6.843E-19  6.709E-19  6.577E-19  6.448E-19  6.321E-19  6.197E-19  6.075E-19  5.956E-19  5.839E-19  5.725E-19
  5.612E-19  5.502E-19  5.395E-19  5.289E-19  5.185E-19  5.084E-19  4.984E-19  4.887E-19  4.791E-19  4.697E-19
8.6eV      8.600   !
  0.000E+00  0.000E+00  0.000E+00  0.000E+00  0.000E+00  0.000E+00  0.000E+00  0.000E+00  0.000E+00  0.000E+00
  0.000E+00  0.000E+00  0.000E+00  0.000E+00  0.000E+00  0.000E+00  0.000E+00  0.000E+00  0.000E+00  0.000E+00
  0.000E+00  0.000E+00  0.000E+00  0.000E+00  0.000E+00  0.000E+00  0.000E+00  0.000E+00  0.000E+00  0.000E+00
  9.261E-21  7.206E-20  1.844E-19  3.284E-19  5.004E-19  6.848E-19  8.835E-19  1.087E-18  1.292E-18  1.495E-18
  1.694E-18  1.890E-18  2.079E-18  2.259E-18  2.434E-18  2.598E-18  2.752E-18  2.899E-18  3.036E-18  3.164E-18
  3.285E-18  3.395E-18  3.496E-18  3.591E-18  3.677E-18  3.755E-18  3.826E-18  3.890E-18  3.947E-18  3.997E-18
  4.041E-18  4.080E-18  4.113E-18  4.141E-18  4.163E-18  4.181E-18  4.194E-18  4.203E-18  4.209E-18  4.210E-18
  4.208E-18  4.202E-18  4.193E-18  4.182E-18  4.168E-18  4.151E-18  4.131E-18  4.110E-18  4.086E-18  4.061E-18
  4.033E-18  4.004E-18  3.973E-18  3.941E-18  3.908E-18  3.873E-18  3.838E-18  3.801E-18  3.763E-18  3.725E-18
  3.686E-18  3.645E-18  3.605E-18  3.564E-18  3.522E-18  3.481E-18  3.438E-18  3.395E-18  3.353E-18  3.310E-18
  3.266E-18  3.223E-18  3.180E-18  3.136E-18  3.093E-18  3.050E-18  3.006E-18  2.963E-18  2.920E-18  2.878E-18
  2.835E-18  2.792E-18  2.750E-18  2.708E-18  2.666E-18  2.625E-18  2.584E-18  2.543E-18  2.503E-18  2.463E-18
  2.423E-18  2.383E-18  2.344E-18  2.306E-18  2.268E-18  2.230E-18  2.192E-18  2.155E-18  2.119E-18  2.083E-18
  2.047E-18  2.012E-18  1.977E-18  1.942E-18  1.908E-18  1.875E-18  1.842E-18  1.809E-18  1.777E-18  1.745E-18
  1.714E-18  1.683E-18  1.653E-18  1.622E-18  1.593E-18  1.564E-18  1.535E-18  1.507E-18  1.479E-18  1.452E-18
  1.425E-18  1.398E-18  1.372E-18  1.346E-18  1.321E-18  1.296E-18  1.271E-18  1.247E-18  1.223E-18  1.200E-18
  1.177E-18  1.154E-18  1.132E-18  1.110E-18  1.089E-18  1.068E-18  1.047E-18  1.027E-18  1.007E-18  9.871E-19
  9.677E-19  9.487E-19  9.301E-19  9.117E-19  8.937E-19  8.761E-19  8.587E-19  8.417E-19  8.249E-19  8.085E-19
  7.923E-19  7.765E-19  7.609E-19  7.457E-19  7.307E-19  7.160E-19  7.015E-19  6.874E-19  6.735E-19  6.598E-19
  6.465E-19  6.333E-19  6.204E-19  6.078E-19  5.954E-19  5.832E-19  5.713E-19  5.596E-19  5.481E-19  5.369E-19
9.3eV      9.300   !
  0.000E+00  0.000E+00  0.000E+00  0.000E+00  0.000E+00  0.000E+00  0.000E+00  0.000E+00  0.000E+00  0.000E+00
  0.000E+00  0.000E+00  0.000E+00  0.000E+00  0.000E+00  0.000E+00  0.000E+00  0.000E+00  0.000E+00  0.000E+00
  0.000E+00  0.000E+00  0.000E+00  0.000E+00  0.000E+00  0.000E+00  0.000E+00  0.000E+00  0.000E+00  0.000E+00
  5.571E-20  1.325E-21  2.262E-20  1.006E-19  2.242E-19  3.762E-19  5.541E-19  7.471E-19  9.492E-19  1.156E-18 
  1.363E-18  1.572E-18  1.776E-18  1.975E-18  2.169E-18  2.354E-18  2.530E-18  2.699E-18  2.857E-18  3.008E-18 
  3.151E-18  3.284E-18  3.406E-18  3.522E-18  3.628E-18  3.726E-18  3.816E-18  3.897E-18  3.972E-18  4.039E-18 
  4.098E-18  4.152E-18  4.199E-18  4.241E-18  4.276E-18  4.306E-18  4.331E-18  4.351E-18  4.366E-18  4.377E-18 
  4.384E-18  4.387E-18  4.386E-18  4.381E-18  4.374E-18  4.363E-18  4.349E-18  4.333E-18  4.314E-18  4.293E-18 
  4.270E-18  4.244E-18  4.217E-18  4.188E-18  4.157E-18  4.125E-18  4.091E-18  4.056E-18  4.020E-18  3.982E-18 
  3.944E-18  3.905E-18  3.865E-18  3.824E-18  3.782E-18  3.740E-18  3.698E-18  3.655E-18  3.611E-18  3.568E-18 
  3.524E-18  3.479E-18  3.435E-18  3.390E-18  3.346E-18  3.301E-18  3.256E-18  3.211E-18  3.167E-18  3.122E-18 
  3.077E-18  3.033E-18  2.989E-18  2.945E-18  2.901E-18  2.858E-18  2.814E-18  2.772E-18  2.729E-18  2.687E-18 
  2.644E-18  2.603E-18  2.561E-18  2.521E-18  2.480E-18  2.440E-18  2.400E-18  2.361E-18  2.322E-18  2.283E-18 
  2.245E-18  2.207E-18  2.170E-18  2.133E-18  2.097E-18  2.061E-18  2.026E-18  1.990E-18  1.956E-18  1.922E-18 
  1.888E-18  1.855E-18  1.822E-18  1.790E-18  1.758E-18  1.727E-18  1.696E-18  1.665E-18  1.635E-18  1.605E-18 
  1.576E-18  1.547E-18  1.519E-18  1.491E-18  1.464E-18  1.437E-18  1.410E-18  1.384E-18  1.358E-18  1.333E-18 
  1.308E-18  1.283E-18  1.259E-18  1.235E-18  1.212E-18  1.189E-18  1.166E-18  1.144E-18  1.122E-18  1.101E-18 
  1.080E-18  1.059E-18  1.039E-18  1.019E-18  9.990E-19  9.796E-19  9.606E-19  9.420E-19  9.236E-19  9.056E-19 
  8.879E-19  8.705E-19  8.535E-19  8.367E-19  8.202E-19  8.041E-19  7.882E-19  7.726E-19  7.573E-19  7.423E-19 
  7.276E-19  7.131E-19  6.989E-19  6.850E-19  6.713E-19  6.579E-19  6.447E-19  6.318E-19  6.191E-19  6.066E-19
11.1eV    11.100   !
  0.000E+00  0.000E+00  0.000E+00  0.000E+00  0.000E+00  0.000E+00  0.000E+00  0.000E+00  0.000E+00  0.000E+00
  0.000E+00  0.000E+00  0.000E+00  0.000E+00  0.000E+00  0.000E+00  0.000E+00  0.000E+00  0.000E+00  0.000E+00
  0.000E+00  0.000E+00  0.000E+00  0.000E+00  0.000E+00  0.000E+00  0.000E+00  0.000E+00  0.000E+00  0.000E+00
  0.000E+00  0.000E+00  0.000E+00  0.000E+00  0.000E+00  0.000E+00  2.359E-18  3.001E-18  3.699E-18  4.444E-18 
  5.229E-18  6.061E-18  6.917E-18  7.790E-18  8.689E-18  9.592E-18  1.049E-17  1.141E-17  1.231E-17  1.321E-17 
  1.410E-17  1.498E-17  1.583E-17  1.667E-17  1.749E-17  1.830E-17  1.908E-17  1.982E-17  2.056E-17  2.125E-17 
  2.193E-17  2.258E-17  2.320E-17  2.379E-17  2.436E-17  2.490E-17  2.541E-17  2.589E-17  2.635E-17  2.678E-17 
  2.719E-17  2.756E-17  2.792E-17  2.825E-17  2.855E-17  2.883E-17  2.908E-17  2.931E-17  2.952E-17  2.971E-17 
  2.988E-17  3.002E-17  3.015E-17  3.026E-17  3.034E-17  3.041E-17  3.046E-17  3.050E-17  3.052E-17  3.052E-17 
  3.050E-17  3.048E-17  3.043E-17  3.038E-17  3.031E-17  3.022E-17  3.013E-17  3.002E-17  2.991E-17  2.978E-17 
  2.964E-17  2.949E-17  2.933E-17  2.917E-17  2.899E-17  2.881E-17  2.862E-17  2.842E-17  2.822E-17  2.801E-17 
  2.779E-17  2.757E-17  2.734E-17  2.711E-17  2.687E-17  2.663E-17  2.639E-17  2.614E-17  2.588E-17  2.563E-17 
  2.537E-17  2.511E-17  2.484E-17  2.458E-17  2.431E-17  2.404E-17  2.377E-17  2.350E-17  2.322E-17  2.295E-17 
  2.267E-17  2.240E-17  2.212E-17  2.185E-17  2.157E-17  2.130E-17  2.102E-17  2.074E-17  2.047E-17  2.020E-17 
  1.992E-17  1.965E-17  1.938E-17  1.911E-17  1.884E-17  1.857E-17  1.831E-17  1.804E-17  1.778E-17  1.752E-17 
  1.726E-17  1.700E-17  1.674E-17  1.649E-17  1.624E-17  1.599E-17  1.574E-17  1.549E-17  1.525E-17  1.501E-17 
  1.477E-17  1.453E-17  1.430E-17  1.407E-17  1.384E-17  1.361E-17  1.338E-17  1.316E-17  1.294E-17  1.272E-17 
  1.251E-17  1.230E-17  1.209E-17  1.188E-17  1.167E-17  1.147E-17  1.127E-17  1.108E-17  1.088E-17  1.069E-17 
  1.050E-17  1.031E-17  1.013E-17  9.947E-18  9.768E-18  9.591E-18  9.417E-18  9.245E-18  9.076E-18  8.909E-18 
  8.744E-18  8.582E-18  8.423E-18  8.266E-18  8.111E-18  7.958E-18  7.808E-18  7.660E-18  7.515E-18  7.372E-18
12.4eV    12.400   !
  0.000E+00  0.000E+00  0.000E+00  0.000E+00  0.000E+00  0.000E+00  0.000E+00  0.000E+00  0.000E+00  0.000E+00
  0.000E+00  0.000E+00  0.000E+00  0.000E+00  0.000E+00  0.000E+00  0.000E+00  0.000E+00  0.000E+00  0.000E+00
  0.000E+00  0.000E+00  0.000E+00  0.000E+00  0.000E+00  0.000E+00  0.000E+00  0.000E+00  0.000E+00  0.000E+00
  0.000E+00  0.000E+00  0.000E+00  0.000E+00  0.000E+00  0.000E+00  0.000E+00  0.000E+00  2.187E-18  3.188E-18 
  4.379E-18  5.776E-18  7.344E-18  9.065E-18  1.096E-17  1.297E-17  1.510E-17  1.735E-17  1.967E-17  2.209E-17 
  2.459E-17  2.713E-17  2.968E-17  3.232E-17  3.495E-17  3.760E-17  4.026E-17  4.289E-17  4.554E-17  4.815E-17 
  5.073E-17  5.332E-17  5.583E-17  5.833E-17  6.079E-17  6.319E-17  6.553E-17  6.784E-17  7.008E-17  7.228E-17 
  7.441E-17  7.648E-17  7.850E-17  8.044E-17  8.233E-17  8.415E-17  8.590E-17  8.758E-17  8.921E-17  9.077E-17 
  9.227E-17  9.369E-17  9.506E-17  9.637E-17  9.761E-17  9.878E-17  9.989E-17  1.009E-16  1.019E-16  1.029E-16 
  1.037E-16  1.046E-16  1.053E-16  1.060E-16  1.067E-16  1.073E-16  1.078E-16  1.083E-16  1.087E-16  1.091E-16 
  1.095E-16  1.098E-16  1.100E-16  1.102E-16  1.104E-16  1.105E-16  1.106E-16  1.106E-16  1.106E-16  1.106E-16 
  1.105E-16  1.104E-16  1.102E-16  1.101E-16  1.099E-16  1.096E-16  1.093E-16  1.090E-16  1.087E-16  1.083E-16 
  1.080E-16  1.075E-16  1.071E-16  1.067E-16  1.062E-16  1.057E-16  1.051E-16  1.046E-16  1.040E-16  1.035E-16 
  1.029E-16  1.022E-16  1.016E-16  1.010E-16  1.003E-16  9.962E-17  9.893E-17  9.823E-17  9.752E-17  9.679E-17 
  9.606E-17  9.531E-17  9.456E-17  9.380E-17  9.303E-17  9.225E-17  9.147E-17  9.068E-17  8.988E-17  8.908E-17 
  8.827E-17  8.746E-17  8.664E-17  8.582E-17  8.500E-17  8.418E-17  8.335E-17  8.252E-17  8.169E-17  8.086E-17 
  8.003E-17  7.920E-17  7.836E-17  7.753E-17  7.670E-17  7.587E-17  7.504E-17  7.421E-17  7.339E-17  7.256E-17 
  7.174E-17  7.092E-17  7.010E-17  6.929E-17  6.848E-17  6.767E-17  6.686E-17  6.606E-17  6.527E-17  6.447E-17 
  6.368E-17  6.290E-17  6.212E-17  6.135E-17  6.058E-17  5.981E-17  5.905E-17  5.829E-17  5.755E-17  5.680E-17 
  5.606E-17  5.533E-17  5.460E-17  5.388E-17  5.316E-17  5.245E-17  5.175E-17  5.105E-17  5.036E-17  4.967E-17 
13.6eV    13.600   !
  0.000E+00  0.000E+00  0.000E+00  0.000E+00  0.000E+00  0.000E+00  0.000E+00  0.000E+00  0.000E+00  0.000E+00
  0.000E+00  0.000E+00  0.000E+00  0.000E+00  0.000E+00  0.000E+00  0.000E+00  0.000E+00  0.000E+00  0.000E+00
  0.000E+00  0.000E+00  0.000E+00  0.000E+00  0.000E+00  0.000E+00  0.000E+00  0.000E+00  0.000E+00  0.000E+00
  0.000E+00  0.000E+00  0.000E+00  0.000E+00  0.000E+00  0.000E+00  0.000E+00  0.000E+00  0.000E+00  0.000E+00 
  4.653E-18  6.737E-18  9.173E-18  1.192E-17  1.500E-17  1.832E-17  2.183E-17  2.557E-17  2.942E-17  3.341E-17 
  3.752E-17  4.165E-17  4.577E-17  4.998E-17  5.413E-17  5.826E-17  6.234E-17  6.632E-17  7.028E-17  7.410E-17 
  7.782E-17  8.147E-17  8.497E-17  8.838E-17  9.165E-17  9.479E-17  9.778E-17  1.007E-16  1.034E-16  1.060E-16 
  1.085E-16  1.108E-16  1.130E-16  1.151E-16  1.170E-16  1.188E-16  1.205E-16  1.221E-16  1.235E-16  1.248E-16 
  1.260E-16  1.271E-16  1.281E-16  1.289E-16  1.297E-16  1.304E-16  1.309E-16  1.314E-16  1.318E-16  1.321E-16 
  1.323E-16  1.324E-16  1.324E-16  1.324E-16  1.323E-16  1.321E-16  1.319E-16  1.316E-16  1.312E-16  1.308E-16 
  1.303E-16  1.298E-16  1.292E-16  1.286E-16  1.280E-16  1.272E-16  1.265E-16  1.257E-16  1.249E-16  1.240E-16 
  1.231E-16  1.222E-16  1.213E-16  1.203E-16  1.193E-16  1.183E-16  1.172E-16  1.162E-16  1.151E-16  1.140E-16 
  1.129E-16  1.117E-16  1.106E-16  1.094E-16  1.083E-16  1.071E-16  1.059E-16  1.047E-16  1.036E-16  1.024E-16 
  1.012E-16  9.996E-17  9.876E-17  9.755E-17  9.635E-17  9.514E-17  9.394E-17  9.273E-17  9.153E-17  9.034E-17 
  8.914E-17  8.795E-17  8.677E-17  8.559E-17  8.441E-17  8.324E-17  8.208E-17  8.093E-17  7.978E-17  7.864E-17 
  7.751E-17  7.638E-17  7.527E-17  7.416E-17  7.306E-17  7.197E-17  7.089E-17  6.982E-17  6.876E-17  6.771E-17 
  6.667E-17  6.564E-17  6.463E-17  6.362E-17  6.262E-17  6.163E-17  6.066E-17  5.969E-17  5.874E-17  5.779E-17 
  5.686E-17  5.594E-17  5.503E-17  5.413E-17  5.324E-17  5.236E-17  5.150E-17  5.064E-17  4.980E-17  4.897E-17 
  4.815E-17  4.734E-17  4.654E-17  4.575E-17  4.497E-17  4.420E-17  4.345E-17  4.270E-17  4.197E-17  4.124E-17 
  4.053E-17  3.982E-17  3.913E-17  3.845E-17  3.777E-17  3.711E-17  3.646E-17  3.582E-17  3.518E-17  3.456E-17 
15.5eV    15.500   !
  0.000E+00  0.000E+00  0.000E+00  0.000E+00  0.000E+00  0.000E+00  0.000E+00  0.000E+00  0.000E+00  0.000E+00
  0.000E+00  0.000E+00  0.000E+00  0.000E+00  0.000E+00  0.000E+00  0.000E+00  0.000E+00  0.000E+00  0.000E+00
  0.000E+00  0.000E+00  0.000E+00  0.000E+00  0.000E+00  0.000E+00  0.000E+00  0.000E+00  0.000E+00  0.000E+00
  0.000E+00  0.000E+00  0.000E+00  0.000E+00  0.000E+00  0.000E+00  0.000E+00  0.000E+00  0.000E+00  0.000E+00 
  0.000E+00  0.000E+00  0.000E+00  0.000E+00  1.209E-21  3.752E-20  1.164E-19  2.306E-19  3.711E-19  5.339E-19 
  7.141E-19  9.044E-19  1.101E-18  1.306E-18  1.512E-18  1.719E-18  1.925E-18  2.126E-18  2.326E-18  2.518E-18 
  2.705E-18  2.888E-18  3.061E-18  3.229E-18  3.389E-18  3.541E-18  3.685E-18  3.822E-18  3.951E-18  4.073E-18 
  4.187E-18  4.294E-18  4.394E-18  4.486E-18  4.571E-18  4.649E-18  4.721E-18  4.786E-18  4.846E-18  4.900E-18 
  4.948E-18  4.990E-18  5.027E-18  5.059E-18  5.087E-18  5.109E-18  5.127E-18  5.141E-18  5.151E-18  5.157E-18 
  5.160E-18  5.159E-18  5.155E-18  5.147E-18  5.137E-18  5.123E-18  5.107E-18  5.089E-18  5.068E-18  5.045E-18 
  5.020E-18  4.993E-18  4.964E-18  4.933E-18  4.900E-18  4.866E-18  4.831E-18  4.794E-18  4.756E-18  4.717E-18 
  4.677E-18  4.636E-18  4.594E-18  4.551E-18  4.507E-18  4.463E-18  4.418E-18  4.373E-18  4.327E-18  4.280E-18 
  4.233E-18  4.186E-18  4.139E-18  4.091E-18  4.044E-18  3.996E-18  3.948E-18  3.899E-18  3.851E-18  3.803E-18 
  3.755E-18  3.707E-18  3.659E-18  3.611E-18  3.563E-18  3.516E-18  3.468E-18  3.421E-18  3.374E-18  3.328E-18 
  3.281E-18  3.235E-18  3.189E-18  3.144E-18  3.099E-18  3.054E-18  3.010E-18  2.965E-18  2.922E-18  2.878E-18 
  2.835E-18  2.793E-18  2.751E-18  2.709E-18  2.668E-18  2.627E-18  2.586E-18  2.546E-18  2.507E-18  2.468E-18 
  2.429E-18  2.391E-18  2.353E-18  2.316E-18  2.279E-18  2.242E-18  2.206E-18  2.171E-18  2.136E-18  2.101E-18 
  2.067E-18  2.033E-18  2.000E-18  1.967E-18  1.934E-18  1.902E-18  1.871E-18  1.840E-18  1.809E-18  1.779E-18 
  1.749E-18  1.720E-18  1.691E-18  1.662E-18  1.634E-18  1.606E-18  1.579E-18  1.552E-18  1.525E-18  1.499E-18 
  1.474E-18  1.448E-18  1.423E-18  1.399E-18  1.375E-18  1.351E-18  1.327E-18  1.304E-18  1.282E-18  1.259E-18 
16.3eV    16.300   !
  0.000E+00  0.000E+00  0.000E+00  0.000E+00  0.000E+00  0.000E+00  0.000E+00  0.000E+00  0.000E+00  0.000E+00
  0.000E+00  0.000E+00  0.000E+00  0.000E+00  0.000E+00  0.000E+00  0.000E+00  0.000E+00  0.000E+00  0.000E+00
  0.000E+00  0.000E+00  0.000E+00  0.000E+00  0.000E+00  0.000E+00  0.000E+00  0.000E+00  0.000E+00  0.000E+00
  0.000E+00  0.000E+00  0.000E+00  0.000E+00  0.000E+00  0.000E+00  0.000E+00  0.000E+00  0.000E+00  0.000E+00 
  0.000E+00  0.000E+00  0.000E+00  0.000E+00  0.000E+00  0.000E+00  1.173E-18  1.524E-18  1.911E-18  2.334E-18 
  2.790E-18  3.267E-18  3.760E-18  4.279E-18  4.806E-18  5.343E-18  5.887E-18  6.428E-18  6.976E-18  7.514E-18 
  8.048E-18  8.580E-18  9.096E-18  9.607E-18  1.010E-17  1.059E-17  1.105E-17  1.151E-17  1.195E-17  1.237E-17 
  1.277E-17  1.316E-17  1.353E-17  1.388E-17  1.422E-17  1.453E-17  1.483E-17  1.511E-17  1.537E-17  1.562E-17 
  1.585E-17  1.606E-17  1.625E-17  1.643E-17  1.659E-17  1.674E-17  1.687E-17  1.699E-17  1.709E-17  1.718E-17 
  1.726E-17  1.732E-17  1.738E-17  1.741E-17  1.744E-17  1.746E-17  1.746E-17  1.746E-17  1.744E-17  1.742E-17 
  1.738E-17  1.734E-17  1.729E-17  1.723E-17  1.716E-17  1.709E-17  1.701E-17  1.692E-17  1.683E-17  1.673E-17 
  1.663E-17  1.652E-17  1.640E-17  1.628E-17  1.616E-17  1.603E-17  1.590E-17  1.576E-17  1.562E-17  1.548E-17 
  1.533E-17  1.519E-17  1.504E-17  1.488E-17  1.473E-17  1.457E-17  1.442E-17  1.426E-17  1.410E-17  1.394E-17 
  1.377E-17  1.361E-17  1.345E-17  1.328E-17  1.312E-17  1.295E-17  1.278E-17  1.262E-17  1.245E-17  1.229E-17 
  1.212E-17  1.196E-17  1.179E-17  1.163E-17  1.147E-17  1.130E-17  1.114E-17  1.098E-17  1.082E-17  1.066E-17 
  1.050E-17  1.035E-17  1.019E-17  1.004E-17  9.883E-18  9.731E-18  9.580E-18  9.430E-18  9.282E-18  9.135E-18 
  8.989E-18  8.845E-18  8.702E-18  8.561E-18  8.421E-18  8.283E-18  8.146E-18  8.011E-18  7.877E-18  7.745E-18 
  7.615E-18  7.486E-18  7.358E-18  7.233E-18  7.108E-18  6.986E-18  6.865E-18  6.745E-18  6.628E-18  6.512E-18 
  6.397E-18  6.284E-18  6.172E-18  6.063E-18  5.954E-18  5.848E-18  5.742E-18  5.639E-18  5.537E-18  5.436E-18 
  5.337E-18  5.239E-18  5.143E-18  5.049E-18  4.956E-18  4.864E-18  4.774E-18  4.685E-18  4.598E-18  4.512E-18 
17.0eV    17.000   !
  0.000E+00  0.000E+00  0.000E+00  0.000E+00  0.000E+00  0.000E+00  0.000E+00  0.000E+00  0.000E+00  0.000E+00
  0.000E+00  0.000E+00  0.000E+00  0.000E+00  0.000E+00  0.000E+00  0.000E+00  0.000E+00  0.000E+00  0.000E+00
  0.000E+00  0.000E+00  0.000E+00  0.000E+00  0.000E+00  0.000E+00  0.000E+00  0.000E+00  0.000E+00  0.000E+00
  0.000E+00  0.000E+00  0.000E+00  0.000E+00  0.000E+00  0.000E+00  0.000E+00  0.000E+00  0.000E+00  0.000E+00
  0.000E+00  0.000E+00  0.000E+00  0.000E+00  0.000E+00  0.000E+00  0.000E+00  1.742E-19  2.297E-19  2.924E-19 
  3.616E-19  4.355E-19  5.132E-19  5.963E-19  6.817E-19  7.698E-19  8.600E-19  9.504E-19  1.043E-18  1.134E-18 
  1.225E-18  1.317E-18  1.406E-18  1.495E-18  1.582E-18  1.667E-18  1.750E-18  1.831E-18  1.908E-18  1.984E-18 
  2.057E-18  2.127E-18  2.194E-18  2.258E-18  2.319E-18  2.377E-18  2.432E-18  2.484E-18  2.533E-18  2.579E-18 
  2.622E-18  2.663E-18  2.700E-18  2.735E-18  2.766E-18  2.796E-18  2.822E-18  2.846E-18  2.867E-18  2.886E-18 
  2.903E-18  2.917E-18  2.929E-18  2.939E-18  2.947E-18  2.953E-18  2.957E-18  2.959E-18  2.959E-18  2.958E-18 
  2.955E-18  2.950E-18  2.944E-18  2.936E-18  2.927E-18  2.917E-18  2.905E-18  2.892E-18  2.878E-18  2.863E-18 
  2.847E-18  2.830E-18  2.813E-18  2.794E-18  2.774E-18  2.754E-18  2.733E-18  2.711E-18  2.689E-18  2.666E-18 
  2.642E-18  2.618E-18  2.594E-18  2.569E-18  2.544E-18  2.518E-18  2.492E-18  2.466E-18  2.439E-18  2.413E-18 
  2.386E-18  2.358E-18  2.331E-18  2.304E-18  2.276E-18  2.248E-18  2.221E-18  2.193E-18  2.165E-18  2.137E-18 
  2.110E-18  2.082E-18  2.054E-18  2.027E-18  1.999E-18  1.972E-18  1.944E-18  1.917E-18  1.890E-18  1.863E-18 
  1.836E-18  1.810E-18  1.783E-18  1.757E-18  1.731E-18  1.705E-18  1.679E-18  1.653E-18  1.628E-18  1.603E-18 
  1.578E-18  1.554E-18  1.529E-18  1.505E-18  1.481E-18  1.457E-18  1.434E-18  1.411E-18  1.388E-18  1.365E-18 
  1.343E-18  1.321E-18  1.299E-18  1.277E-18  1.256E-18  1.235E-18  1.214E-18  1.193E-18  1.173E-18  1.153E-18 
  1.133E-18  1.114E-18  1.094E-18  1.075E-18  1.057E-18  1.038E-18  1.020E-18  1.002E-18  9.844E-19  9.670E-19 
  9.498E-19  9.329E-19  9.163E-19  8.998E-19  8.837E-19  8.678E-19  8.521E-19  8.366E-19  8.214E-19  8.065E-19
17.8eV    17.800   !
  0.000E+00  0.000E+00  0.000E+00  0.000E+00  0.000E+00  0.000E+00  0.000E+00  0.000E+00  0.000E+00  0.000E+00
  0.000E+00  0.000E+00  0.000E+00  0.000E+00  0.000E+00  0.000E+00  0.000E+00  0.000E+00  0.000E+00  0.000E+00
  0.000E+00  0.000E+00  0.000E+00  0.000E+00  0.000E+00  0.000E+00  0.000E+00  0.000E+00  0.000E+00  0.000E+00
  0.000E+00  0.000E+00  0.000E+00  0.000E+00  0.000E+00  0.000E+00  0.000E+00  0.000E+00  0.000E+00  0.000E+00
  0.000E+00  0.000E+00  0.000E+00  0.000E+00  0.000E+00  0.000E+00  0.000E+00  0.000E+00  1.476E-19  2.021E-19 
  2.645E-19  3.329E-19  4.062E-19  4.856E-19  5.681E-19  6.538E-19  7.420E-19  8.305E-19  9.211E-19  1.011E-18 
  1.100E-18  1.190E-18  1.277E-18  1.363E-18  1.447E-18  1.528E-18  1.607E-18  1.684E-18  1.757E-18  1.828E-18 
  1.895E-18  1.960E-18  2.021E-18  2.079E-18  2.134E-18  2.186E-18  2.234E-18  2.279E-18  2.321E-18  2.360E-18 
  2.397E-18  2.430E-18  2.460E-18  2.488E-18  2.513E-18  2.535E-18  2.555E-18  2.572E-18  2.587E-18  2.600E-18 
  2.610E-18  2.619E-18  2.625E-18  2.630E-18  2.632E-18  2.633E-18  2.632E-18  2.630E-18  2.626E-18  2.621E-18 
  2.614E-18  2.606E-18  2.597E-18  2.586E-18  2.575E-18  2.562E-18  2.548E-18  2.534E-18  2.518E-18  2.502E-18 
  2.485E-18  2.468E-18  2.449E-18  2.430E-18  2.411E-18  2.391E-18  2.370E-18  2.349E-18  2.328E-18  2.306E-18 
  2.284E-18  2.261E-18  2.238E-18  2.215E-18  2.192E-18  2.169E-18  2.145E-18  2.121E-18  2.098E-18  2.074E-18 
  2.050E-18  2.026E-18  2.001E-18  1.977E-18  1.953E-18  1.929E-18  1.905E-18  1.881E-18  1.857E-18  1.833E-18 
  1.809E-18  1.786E-18  1.762E-18  1.738E-18  1.715E-18  1.692E-18  1.669E-18  1.646E-18  1.623E-18  1.600E-18 
  1.578E-18  1.556E-18  1.534E-18  1.512E-18  1.490E-18  1.468E-18  1.447E-18  1.426E-18  1.405E-18  1.384E-18 
  1.364E-18  1.344E-18  1.323E-18  1.304E-18  1.284E-18  1.265E-18  1.245E-18  1.226E-18  1.208E-18  1.189E-18 
  1.171E-18  1.153E-18  1.135E-18  1.117E-18  1.100E-18  1.083E-18  1.066E-18  1.049E-18  1.032E-18  1.016E-18 
  1.000E-18  9.842E-19  9.685E-19  9.531E-19  9.379E-19  9.228E-19  9.080E-19  8.934E-19  8.790E-19  8.648E-19 
  8.508E-19  8.371E-19  8.235E-19  8.101E-19  7.969E-19  7.839E-19  7.711E-19  7.584E-19  7.460E-19  7.337E-19
CO2P      13.800   !        
CO2          + E            = CO2P         + E            +              +                13.800
  0.000E+00  0.000E+00  0.000E+00  0.000E+00  0.000E+00  0.000E+00  0.000E+00  0.000E+00  0.000E+00  0.000E+00
  0.000E+00  0.000E+00  0.000E+00  0.000E+00  0.000E+00  0.000E+00  0.000E+00  0.000E+00  0.000E+00  0.000E+00
  0.000E+00  0.000E+00  0.000E+00  0.000E+00  0.000E+00  0.000E+00  0.000E+00  0.000E+00  0.000E+00  0.000E+00
  0.000E+00  0.000E+00  0.000E+00  0.000E+00  0.000E+00  0.000E+00  0.000E+00  0.000E+00  0.000E+00  0.000E+00
  0.000E+00  9.640E-18  5.500E-17  1.008E-16  1.444E-16  1.904E-16  2.382E-16  2.854E-16  3.346E-16  3.906E-16 
  4.434E-16  4.928E-16  5.495E-16  6.120E-16  6.862E-16  7.610E-16  8.384E-16  9.129E-16  9.816E-16  1.042E-15 
  1.103E-15  1.167E-15  1.232E-15  1.298E-15  1.354E-15  1.389E-15  1.426E-15  1.464E-15  1.502E-15  1.540E-15 
  1.576E-15  1.613E-15  1.651E-15  1.690E-15  1.725E-15  1.758E-15  1.793E-15  1.828E-15  1.857E-15  1.883E-15 
  1.911E-15  1.938E-15  1.956E-15  1.973E-15  1.991E-15  2.010E-15  2.028E-15  2.048E-15  2.065E-15  2.078E-15 
  2.092E-15  2.105E-15  2.116E-15  2.127E-15  2.135E-15  2.143E-15  2.152E-15  2.169E-15  2.185E-15  2.193E-15 
  2.198E-15  2.204E-15  2.213E-15  2.221E-15  2.226E-15  2.232E-15  2.242E-15  2.249E-15  2.243E-15  2.238E-15 
  2.232E-15  2.230E-15  2.230E-15  2.230E-15  2.228E-15  2.222E-15  2.216E-15  2.209E-15  2.202E-15  2.195E-15 
  2.187E-15  2.174E-15  2.161E-15  2.147E-15  2.134E-15  2.120E-15  2.112E-15  2.103E-15  2.095E-15  2.086E-15 
  2.074E-15  2.058E-15  2.041E-15  2.024E-15  2.008E-15  1.995E-15  1.983E-15  1.970E-15  1.957E-15  1.941E-15 
  1.922E-15  1.903E-15  1.884E-15  1.867E-15  1.857E-15  1.846E-15  1.836E-15  1.819E-15  1.797E-15  1.774E-15 
  1.750E-15  1.731E-15  1.711E-15  1.690E-15  1.669E-15  1.647E-15  1.625E-15  1.609E-15  1.595E-15  1.580E-15 
  1.565E-15  1.550E-15  1.532E-15  1.510E-15  1.487E-15  1.464E-15  1.440E-15  1.419E-15  1.401E-15  1.383E-15 
  1.363E-15  1.344E-15  1.324E-15  1.303E-15  1.282E-15  1.263E-15  1.246E-15  1.229E-15  1.212E-15  1.197E-15 
  1.182E-15  1.166E-15  1.148E-15  1.128E-15  1.108E-15  1.092E-15  1.078E-15  1.063E-15  1.046E-15  1.027E-15 
  1.008E-15  9.893E-16  9.706E-16  9.577E-16  9.479E-16  9.366E-16  9.222E-16  9.075E-16  8.919E-16  8.760E-16
COP       19.500   !        
CO2          + E            = COP          + O            + E            +                19.500
  0.000E+00  0.000E+00  0.000E+00  0.000E+00  0.000E+00  0.000E+00  0.000E+00  0.000E+00  0.000E+00  0.000E+00
  0.000E+00  0.000E+00  0.000E+00  0.000E+00  0.000E+00  0.000E+00  0.000E+00  0.000E+00  0.000E+00  0.000E+00
  0.000E+00  0.000E+00  0.000E+00  0.000E+00  0.000E+00  0.000E+00  0.000E+00  0.000E+00  0.000E+00  0.000E+00
  0.000E+00  0.000E+00  0.000E+00  0.000E+00  0.000E+00  0.000E+00  0.000E+00  0.000E+00  0.000E+00  0.000E+00
  0.000E+00  0.000E+00  0.000E+00  0.000E+00  0.000E+00  0.000E+00  0.000E+00  0.000E+00  0.000E+00  0.000E+00
  0.000E+00  0.000E+00  0.000E+00  0.000E+00  0.000E+00  0.000E+00  0.000E+00  1.390E-17  3.168E-17  4.968E-17 
  6.812E-17  8.723E-17  1.066E-16  1.266E-16  1.468E-16  1.671E-16  1.878E-16  2.092E-16  2.310E-16  2.490E-16 
  2.562E-16  2.637E-16  2.713E-16  2.790E-16  2.842E-16  2.885E-16  2.929E-16  2.974E-16  3.024E-16  3.077E-16 
  3.131E-16  3.186E-16  3.243E-16  3.302E-16  3.361E-16  3.427E-16  3.499E-16  3.573E-16  3.629E-16  3.652E-16 
  3.676E-16  3.706E-16  3.742E-16  3.779E-16  3.793E-16  3.797E-16  3.803E-16  3.828E-16  3.853E-16  3.869E-16 
  3.883E-16  3.892E-16  3.897E-16  3.900E-16  3.900E-16  3.899E-16  3.894E-16  3.888E-16  3.880E-16  3.872E-16 
  3.863E-16  3.846E-16  3.822E-16  3.798E-16  3.775E-16  3.754E-16  3.733E-16  3.712E-16  3.690E-16  3.667E-16 
  3.638E-16  3.593E-16  3.546E-16  3.498E-16  3.449E-16  3.400E-16  3.385E-16  3.370E-16  3.355E-16  3.340E-16 
  3.314E-16  3.269E-16  3.224E-16  3.178E-16  3.134E-16  3.106E-16  3.076E-16  3.046E-16  3.015E-16  2.974E-16 
  2.924E-16  2.871E-16  2.818E-16  2.773E-16  2.750E-16  2.727E-16  2.703E-16  2.665E-16  2.611E-16  2.557E-16 
  2.501E-16  2.464E-16  2.427E-16  2.389E-16  2.350E-16  2.310E-16  2.270E-16  2.240E-16  2.213E-16  2.186E-16 
  2.157E-16  2.129E-16  2.097E-16  2.061E-16  2.023E-16  1.985E-16  1.946E-16  1.910E-16  1.876E-16  1.841E-16 
  1.805E-16  1.770E-16  1.737E-16  1.704E-16  1.670E-16  1.637E-16  1.607E-16  1.576E-16  1.544E-16  1.516E-16 
  1.489E-16  1.461E-16  1.438E-16  1.418E-16  1.398E-16  1.376E-16  1.351E-16  1.326E-16  1.297E-16  1.267E-16 
  1.237E-16  1.217E-16  1.197E-16  1.174E-16  1.148E-16  1.126E-16  1.112E-16  1.097E-16  1.064E-16  1.030E-16
CP        27.800   !        
CO2          + E            = CP           + O2           + E            +                27.800
  0.000E+00  0.000E+00  0.000E+00  0.000E+00  0.000E+00  0.000E+00  0.000E+00  0.000E+00  0.000E+00  0.000E+00
  0.000E+00  0.000E+00  0.000E+00  0.000E+00  0.000E+00  0.000E+00  0.000E+00  0.000E+00  0.000E+00  0.000E+00
  0.000E+00  0.000E+00  0.000E+00  0.000E+00  0.000E+00  0.000E+00  0.000E+00  0.000E+00  0.000E+00  0.000E+00
  0.000E+00  0.000E+00  0.000E+00  0.000E+00  0.000E+00  0.000E+00  0.000E+00  0.000E+00  0.000E+00  0.000E+00
  0.000E+00  0.000E+00  0.000E+00  0.000E+00  0.000E+00  0.000E+00  0.000E+00  0.000E+00  0.000E+00  0.000E+00
  0.000E+00  0.000E+00  0.000E+00  0.000E+00  0.000E+00  0.000E+00  0.000E+00  0.000E+00  8.160E-20  4.704E-19 
  8.688E-19  1.282E-18  1.699E-18  2.131E-18  4.243E-18  9.056E-18  1.397E-17  1.904E-17  2.421E-17  3.101E-17 
  4.165E-17  5.260E-17  6.384E-17  7.529E-17  8.573E-17  9.600E-17  1.065E-16  1.172E-16  1.258E-16  1.332E-16 
  1.408E-16  1.485E-16  1.567E-16  1.652E-16  1.738E-16  1.829E-16  1.922E-16  2.018E-16  2.106E-16  2.177E-16 
  2.249E-16  2.317E-16  2.378E-16  2.441E-16  2.500E-16  2.559E-16  2.620E-16  2.689E-16  2.760E-16  2.802E-16 
  2.833E-16  2.872E-16  2.923E-16  2.973E-16  3.022E-16  3.065E-16  3.085E-16  3.109E-16  3.140E-16  3.173E-16 
  3.207E-16  3.222E-16  3.225E-16  3.228E-16  3.233E-16  3.246E-16  3.259E-16  3.272E-16  3.286E-16  3.299E-16 
  3.305E-16  3.287E-16  3.268E-16  3.249E-16  3.230E-16  3.209E-16  3.185E-16  3.159E-16  3.134E-16  3.107E-16 
  3.083E-16  3.065E-16  3.045E-16  3.026E-16  3.005E-16  2.978E-16  2.951E-16  2.923E-16  2.894E-16  2.863E-16 
  2.828E-16  2.792E-16  2.756E-16  2.720E-16  2.687E-16  2.653E-16  2.618E-16  2.580E-16  2.538E-16  2.495E-16 
  2.451E-16  2.405E-16  2.359E-16  2.312E-16  2.263E-16  2.213E-16  2.162E-16  2.133E-16  2.109E-16  2.085E-16 
  2.061E-16  2.036E-16  2.006E-16  1.968E-16  1.929E-16  1.888E-16  1.847E-16  1.812E-16  1.780E-16  1.747E-16 
  1.714E-16  1.679E-16  1.641E-16  1.602E-16  1.563E-16  1.529E-16  1.505E-16  1.479E-16  1.453E-16  1.426E-16 
  1.399E-16  1.371E-16  1.342E-16  1.313E-16  1.282E-16  1.262E-16  1.248E-16  1.233E-16  1.210E-16  1.183E-16 
  1.156E-16  1.124E-16  1.091E-16  1.072E-16  1.059E-16  1.044E-16  1.027E-16  1.008E-16  9.862E-17  9.640E-17 
OP        19.100   !        
CO2          + E            = OP           + CO           + E            +                19.100
  0.000E+00  0.000E+00  0.000E+00  0.000E+00  0.000E+00  0.000E+00  0.000E+00  0.000E+00  0.000E+00  0.000E+00
  0.000E+00  0.000E+00  0.000E+00  0.000E+00  0.000E+00  0.000E+00  0.000E+00  0.000E+00  0.000E+00  0.000E+00
  0.000E+00  0.000E+00  0.000E+00  0.000E+00  0.000E+00  0.000E+00  0.000E+00  0.000E+00  0.000E+00  0.000E+00
  0.000E+00  0.000E+00  0.000E+00  0.000E+00  0.000E+00  0.000E+00  0.000E+00  0.000E+00  0.000E+00  0.000E+00
  0.000E+00  0.000E+00  0.000E+00  0.000E+00  0.000E+00  0.000E+00  0.000E+00  0.000E+00  0.000E+00  0.000E+00
  0.000E+00  0.000E+00  0.000E+00  8.492E-19  9.014E-18  1.741E-17  2.602E-17  3.476E-17  4.383E-17  5.301E-17 
  6.243E-17  7.218E-17  8.204E-17  9.225E-17  1.023E-16  1.120E-16  1.218E-16  1.320E-16  1.424E-16  1.527E-16 
  1.622E-16  1.720E-16  1.821E-16  1.924E-16  2.038E-16  2.158E-16  2.281E-16  2.406E-16  2.542E-16  2.684E-16 
  2.831E-16  2.980E-16  3.131E-16  3.286E-16  3.444E-16  3.609E-16  3.781E-16  3.957E-16  4.126E-16  4.277E-16 
  4.432E-16  4.572E-16  4.692E-16  4.814E-16  4.961E-16  5.120E-16  5.277E-16  5.400E-16  5.525E-16  5.647E-16 
  5.771E-16  5.884E-16  5.986E-16  6.081E-16  6.159E-16  6.241E-16  6.332E-16  6.416E-16  6.478E-16  6.540E-16 
  6.605E-16  6.644E-16  6.668E-16  6.692E-16  6.714E-16  6.728E-16  6.742E-16  6.757E-16  6.773E-16  6.788E-16 
  6.795E-16  6.777E-16  6.758E-16  6.739E-16  6.720E-16  6.699E-16  6.652E-16  6.603E-16  6.553E-16  6.502E-16 
  6.456E-16  6.419E-16  6.381E-16  6.342E-16  6.300E-16  6.249E-16  6.196E-16  6.142E-16  6.087E-16  6.021E-16 
  5.942E-16  5.861E-16  5.779E-16  5.706E-16  5.657E-16  5.608E-16  5.557E-16  5.492E-16  5.410E-16  5.327E-16 
  5.241E-16  5.160E-16  5.076E-16  4.991E-16  4.903E-16  4.814E-16  4.722E-16  4.650E-16  4.584E-16  4.516E-16 
  4.447E-16  4.376E-16  4.297E-16  4.206E-16  4.113E-16  4.018E-16  3.921E-16  3.844E-16  3.783E-16  3.720E-16 
  3.655E-16  3.593E-16  3.538E-16  3.481E-16  3.424E-16  3.357E-16  3.280E-16  3.201E-16  3.119E-16  3.078E-16 
  3.042E-16  3.004E-16  2.958E-16  2.906E-16  2.852E-16  2.799E-16  2.746E-16  2.692E-16  2.634E-16  2.574E-16 
  2.513E-16  2.457E-16  2.400E-16  2.355E-16  2.317E-16  2.280E-16  2.249E-16  2.214E-16  2.153E-16  2.090E-16
CPP       51.200   !        
CO2          + E            = CPP          + O2           + E            + E              51.200
  0.000E+00  0.000E+00  0.000E+00  0.000E+00  0.000E+00  0.000E+00  0.000E+00  0.000E+00  0.000E+00  0.000E+00 
  0.000E+00  0.000E+00  0.000E+00  0.000E+00  0.000E+00  0.000E+00  0.000E+00  0.000E+00  0.000E+00  0.000E+00 
  0.000E+00  0.000E+00  0.000E+00  0.000E+00  0.000E+00  0.000E+00  0.000E+00  0.000E+00  0.000E+00  0.000E+00 
  0.000E+00  0.000E+00  0.000E+00  0.000E+00  0.000E+00  0.000E+00  0.000E+00  0.000E+00  0.000E+00  0.000E+00 
  0.000E+00  0.000E+00  0.000E+00  0.000E+00  0.000E+00  0.000E+00  0.000E+00  0.000E+00  0.000E+00  0.000E+00 
  0.000E+00  0.000E+00  0.000E+00  0.000E+00  0.000E+00  0.000E+00  0.000E+00  0.000E+00  0.000E+00  0.000E+00 
  0.000E+00  0.000E+00  0.000E+00  0.000E+00  0.000E+00  0.000E+00  0.000E+00  0.000E+00  0.000E+00  0.000E+00 
  0.000E+00  0.000E+00  0.000E+00  0.000E+00  0.000E+00  0.000E+00  0.000E+00  0.000E+00  0.000E+00  0.000E+00 
  0.000E+00  0.000E+00  0.000E+00  0.000E+00  0.000E+00  0.000E+00  0.000E+00  0.000E+00  0.000E+00  0.000E+00 
  0.000E+00  0.000E+00  0.000E+00  0.000E+00  0.000E+00  0.000E+00  1.038E-20  8.341E-20  1.582E-19  1.902E-19 
  2.061E-19  2.344E-19  2.786E-19  3.371E-19  4.315E-19  5.076E-19  5.147E-19  5.364E-19  5.978E-19  6.609E-19 
  7.256E-19  8.092E-19  9.056E-19  1.005E-18  1.099E-18  1.177E-18  1.256E-18  1.337E-18  1.420E-18  1.505E-18 
  1.583E-18  1.636E-18  1.691E-18  1.746E-18  1.803E-18  1.863E-18  1.993E-18  2.126E-18  2.262E-18  2.401E-18 
  2.516E-18  2.586E-18  2.657E-18  2.730E-18  2.781E-18  2.734E-18  2.685E-18  2.636E-18  2.585E-18  2.601E-18 
  2.682E-18  2.765E-18  2.849E-18  2.877E-18  2.765E-18  2.650E-18  2.532E-18  2.477E-18  2.491E-18  2.505E-18 
  2.520E-18  2.467E-18  2.411E-18  2.354E-18  2.296E-18  2.236E-18  2.174E-18  2.171E-18  2.185E-18  2.200E-18 
  2.215E-18  2.230E-18  2.221E-18  2.169E-18  2.115E-18  2.060E-18  2.003E-18  1.952E-18  1.904E-18  1.856E-18 
  1.805E-18  1.775E-18  1.793E-18  1.811E-18  1.829E-18  1.794E-18  1.686E-18  1.576E-18  1.463E-18  1.513E-18 
  1.586E-18  1.661E-18  1.646E-18  1.574E-18  1.500E-18  1.491E-18  1.526E-18  1.562E-18  1.518E-18  1.450E-18 
  1.385E-18  1.345E-18  1.304E-18  1.201E-18  1.062E-18  9.555E-19  9.251E-19  9.010E-19  9.420E-19  9.840E-19
OPP       54.200   !        
CO2          + E            = OPP          + CO           + E            + E              54.200
  0.000E+00  0.000E+00  0.000E+00  0.000E+00  0.000E+00  0.000E+00  0.000E+00  0.000E+00  0.000E+00  0.000E+00 
  0.000E+00  0.000E+00  0.000E+00  0.000E+00  0.000E+00  0.000E+00  0.000E+00  0.000E+00  0.000E+00  0.000E+00 
  0.000E+00  0.000E+00  0.000E+00  0.000E+00  0.000E+00  0.000E+00  0.000E+00  0.000E+00  0.000E+00  0.000E+00 
  0.000E+00  0.000E+00  0.000E+00  0.000E+00  0.000E+00  0.000E+00  0.000E+00  0.000E+00  0.000E+00  0.000E+00 
  0.000E+00  0.000E+00  0.000E+00  0.000E+00  0.000E+00  0.000E+00  0.000E+00  0.000E+00  0.000E+00  0.000E+00 
  0.000E+00  0.000E+00  0.000E+00  0.000E+00  0.000E+00  0.000E+00  0.000E+00  0.000E+00  0.000E+00  0.000E+00 
  0.000E+00  0.000E+00  0.000E+00  0.000E+00  0.000E+00  0.000E+00  0.000E+00  0.000E+00  0.000E+00  0.000E+00 
  0.000E+00  0.000E+00  0.000E+00  0.000E+00  0.000E+00  0.000E+00  0.000E+00  0.000E+00  0.000E+00  0.000E+00 
  0.000E+00  0.000E+00  0.000E+00  0.000E+00  0.000E+00  0.000E+00  0.000E+00  0.000E+00  0.000E+00  0.000E+00 
  0.000E+00  0.000E+00  0.000E+00  0.000E+00  0.000E+00  0.000E+00  0.000E+00  0.000E+00  0.000E+00  0.000E+00 
  0.000E+00  0.000E+00  0.000E+00  2.265E-20  1.044E-19  1.722E-19  1.864E-19  2.060E-19  2.398E-19  2.745E-19 
  3.100E-19  3.943E-19  5.106E-19  6.301E-19  7.451E-19  8.413E-19  9.396E-19  1.040E-18  1.144E-18  1.250E-18 
  1.342E-18  1.390E-18  1.438E-18  1.488E-18  1.539E-18  1.593E-18  1.712E-18  1.834E-18  1.960E-18  2.088E-18 
  2.184E-18  2.221E-18  2.259E-18  2.298E-18  2.345E-18  2.423E-18  2.503E-18  2.585E-18  2.668E-18  2.727E-18 
  2.762E-18  2.798E-18  2.834E-18  2.874E-18  2.919E-18  2.966E-18  3.015E-18  3.003E-18  2.924E-18  2.844E-18 
  2.761E-18  2.720E-18  2.678E-18  2.635E-18  2.592E-18  2.547E-18  2.501E-18  2.444E-18  2.384E-18  2.321E-18 
  2.258E-18  2.192E-18  2.134E-18  2.090E-18  2.044E-18  1.998E-18  1.950E-18  1.929E-18  1.926E-18  1.924E-18 
  1.922E-18  1.902E-18  1.841E-18  1.780E-18  1.717E-18  1.666E-18  1.633E-18  1.599E-18  1.564E-18  1.523E-18 
  1.480E-18  1.437E-18  1.488E-18  1.599E-18  1.713E-18  1.700E-18  1.598E-18  1.494E-18  1.413E-18  1.337E-18 
  1.270E-18  1.270E-18  1.270E-18  1.196E-18  1.081E-18  1.022E-18  1.094E-18  1.154E-18  1.093E-18  1.030E-18
CO2PP     37.400   !        
CO2          + E            = CO2PP        + E            + E            +                37.400
  0.000E+00  0.000E+00  0.000E+00  0.000E+00  0.000E+00  0.000E+00  0.000E+00  0.000E+00  0.000E+00  0.000E+00 
  0.000E+00  0.000E+00  0.000E+00  0.000E+00  0.000E+00  0.000E+00  0.000E+00  0.000E+00  0.000E+00  0.000E+00 
  0.000E+00  0.000E+00  0.000E+00  0.000E+00  0.000E+00  0.000E+00  0.000E+00  0.000E+00  0.000E+00  0.000E+00 
  0.000E+00  0.000E+00  0.000E+00  0.000E+00  0.000E+00  0.000E+00  0.000E+00  0.000E+00  0.000E+00  0.000E+00 
  0.000E+00  0.000E+00  0.000E+00  0.000E+00  0.000E+00  0.000E+00  0.000E+00  0.000E+00  0.000E+00  0.000E+00 
  0.000E+00  0.000E+00  0.000E+00  0.000E+00  0.000E+00  0.000E+00  0.000E+00  0.000E+00  0.000E+00  0.000E+00 
  0.000E+00  0.000E+00  0.000E+00  0.000E+00  0.000E+00  0.000E+00  0.000E+00  0.000E+00  0.000E+00  0.000E+00  
  0.000E+00  0.000E+00  0.000E+00  0.000E+00  0.000E+00  3.343E-19  8.927E-19  1.460E-18  2.046E-18  2.645E-18 
  3.263E-18  3.889E-18  4.709E-18  5.565E-18  6.438E-18  7.466E-18  8.633E-18  9.830E-18  1.085E-17  1.152E-17 
  1.221E-17  1.312E-17  1.432E-17  1.554E-17  1.625E-17  1.676E-17  1.740E-17  1.878E-17  2.021E-17  2.101E-17 
  2.158E-17  2.206E-17  2.243E-17  2.295E-17  2.387E-17  2.482E-17  2.578E-17  2.664E-17  2.717E-17  2.772E-17 
  2.828E-17  2.859E-17  2.874E-17  2.889E-17  2.902E-17  2.908E-17  2.914E-17  2.921E-17  2.928E-17  2.935E-17 
  2.938E-17  2.931E-17  2.923E-17  2.916E-17  2.908E-17  2.900E-17  2.889E-17  2.879E-17  2.868E-17  2.857E-17 
  2.839E-17  2.809E-17  2.778E-17  2.746E-17  2.714E-17  2.683E-17  2.652E-17  2.619E-17  2.586E-17  2.541E-17 
  2.483E-17  2.424E-17  2.363E-17  2.319E-17  2.317E-17  2.314E-17  2.311E-17  2.273E-17  2.194E-17  2.114E-17 
  2.031E-17  2.000E-17  1.969E-17  1.938E-17  1.905E-17  1.872E-17  1.838E-17  1.819E-17  1.805E-17  1.790E-17 
  1.775E-17  1.760E-17  1.743E-17  1.723E-17  1.702E-17  1.681E-17  1.659E-17  1.618E-17  1.564E-17  1.508E-17 
  1.450E-17  1.400E-17  1.367E-17  1.334E-17  1.300E-17  1.276E-17  1.268E-17  1.260E-17  1.251E-17  1.218E-17 
  1.182E-17  1.144E-17  1.116E-17  1.093E-17  1.070E-17  1.045E-17  1.019E-17  9.921E-18  9.788E-18  9.694E-18 
  9.569E-18  9.259E-18  8.941E-18  8.665E-18  8.409E-18  8.116E-18  7.748E-18  7.402E-18  7.317E-18  7.230E-18
N2           12    0   4
 TOTAL ELASTIC CROSS SECTION
  4.871E-16  5.133E-16  5.414E-16  5.719E-16  6.050E-16  6.408E-16  6.805E-16  7.225E-16  7.673E-16  8.582E-16
  1.034E-15  1.248E-15  1.519E-15  1.767E-15  1.930E-15  1.929E-15  1.807E-15  1.637E-15  1.475E-15  1.350E-15
  1.224E-15  1.188E-15  1.180E-15  1.180E-15  1.180E-15  1.180E-15  1.179E-15  1.177E-15  1.176E-15  1.175E-15
  1.174E-15  1.172E-15  1.171E-15  1.170E-15  1.169E-15  1.168E-15  1.167E-15  1.166E-15  1.165E-15  1.164E-15
  1.163E-15  1.162E-15  1.161E-15  1.157E-15  1.152E-15  1.143E-15  1.134E-15  1.125E-15  1.117E-15  1.108E-15
  1.100E-15  1.090E-15  1.085E-15  1.082E-15  1.077E-15  1.073E-15  1.068E-15  1.064E-15  1.059E-15  1.053E-15
  1.048E-15  1.042E-15  1.037E-15  1.031E-15  1.025E-15  1.019E-15  1.013E-15  1.006E-15  1.000E-15  9.938E-16
  9.864E-16  9.792E-16  9.719E-16  9.647E-16  9.570E-16  9.492E-16  9.416E-16  9.334E-16  9.252E-16  9.172E-16
  9.091E-16  9.006E-16  8.946E-16  8.883E-16  8.822E-16  8.760E-16  8.695E-16  8.631E-16  8.567E-16  8.499E-16
  8.432E-16  8.362E-16  8.292E-16  8.219E-16  8.134E-16  8.033E-16  7.933E-16  7.835E-16  7.733E-16  7.627E-16
  7.523E-16  7.421E-16  7.315E-16  7.211E-16  7.118E-16  7.022E-16  6.928E-16  6.820E-16  6.747E-16  6.639E-16
  6.532E-16  6.427E-16  6.324E-16  6.222E-16  6.127E-16  6.042E-16  5.958E-16  5.876E-16  5.768E-16  5.688E-16
  5.584E-16  5.481E-16  5.406E-16  5.306E-16  5.209E-16  5.113E-16  5.040E-16  4.968E-16  4.880E-16  4.810E-16
  4.724E-16  4.657E-16  4.574E-16  4.492E-16  4.412E-16  4.334E-16  4.258E-16  4.175E-16  4.108E-16  4.028E-16
  3.950E-16  3.873E-16  3.798E-16  3.725E-16  3.652E-16  3.570E-16  3.503E-16  3.439E-16  3.377E-16  3.307E-16
  3.247E-16  3.188E-16  3.122E-16  3.057E-16  2.994E-16  2.932E-16  2.864E-16  2.807E-16  2.755E-16  2.703E-16
  2.653E-16  2.597E-16  2.543E-16  2.490E-16  2.439E-16  2.383E-16  2.333E-16  2.283E-16  2.244E-16  2.201E-16
  2.159E-16  2.119E-16  2.078E-16  2.036E-16  1.994E-16  1.950E-16  1.907E-16  1.865E-16  1.824E-16  1.786E-16
  1.750E-16  1.712E-16  1.675E-16  1.639E-16  1.601E-16  1.564E-16  1.526E-16  1.489E-16  1.453E-16  1.416E-16
  1.379E-16  1.350E-16  1.322E-16  1.293E-16  1.264E-16  1.235E-16  1.207E-16  1.178E-16  1.149E-16  1.120E-16
 TOTAL INELASTIC CROSS SECTION
  0.000E+00  9.054E-19  1.287E-18  1.845E-18  2.666E-18  3.902E-18  6.489E-18  1.681E-17  1.098E-16  4.592E-16
  5.977E-16  4.658E-16  2.780E-16  1.304E-16  3.767E-17  8.103E-18  1.527E-18  2.682E-19  4.723E-20  7.863E-21
  1.311E-21  1.952E-22  2.908E-23  2.059E-19  5.434E-19  1.380E-18  3.160E-18  8.798E-18  1.646E-17  2.767E-17
  4.236E-17  6.661E-17  9.058E-17  1.077E-16  1.218E-16  1.257E-16  1.321E-16  1.294E-16  1.289E-16  1.328E-16
  1.437E-16  1.544E-16  1.693E-16  1.674E-16  1.677E-16  1.723E-16  1.767E-16  1.825E-16  1.885E-16  1.965E-16
  2.045E-16  2.156E-16  2.212E-16  2.272E-16  2.345E-16  2.424E-16  2.511E-16  2.606E-16  2.694E-16  2.723E-16
  2.758E-16  2.804E-16  2.850E-16  2.907E-16  2.979E-16  3.049E-16  3.135E-16  3.229E-16  3.330E-16  3.417E-16
  3.462E-16  3.509E-16  3.559E-16  3.611E-16  3.671E-16  3.734E-16  3.799E-16  3.872E-16  3.949E-16  4.028E-16
  4.110E-16  4.201E-16  4.223E-16  4.242E-16  4.261E-16  4.282E-16  4.305E-16  4.329E-16  4.353E-16  4.380E-16
  4.408E-16  4.439E-16  4.470E-16  4.504E-16  4.513E-16  4.512E-16  4.512E-16  4.512E-16  4.512E-16  4.513E-16
  4.515E-16  4.516E-16  4.519E-16  4.517E-16  4.503E-16  4.489E-16  4.475E-16  4.460E-16  4.449E-16  4.434E-16
  4.419E-16  4.404E-16  4.390E-16  4.376E-16  4.359E-16  4.335E-16  4.311E-16  4.287E-16  4.255E-16  4.232E-16
  4.201E-16  4.171E-16  4.149E-16  4.119E-16  4.090E-16  4.061E-16  4.026E-16  3.991E-16  3.948E-16  3.914E-16
  3.871E-16  3.837E-16  3.796E-16  3.754E-16  3.713E-16  3.672E-16  3.633E-16  3.593E-16  3.559E-16  3.519E-16
  3.480E-16  3.441E-16  3.402E-16  3.363E-16  3.325E-16  3.280E-16  3.243E-16  3.207E-16  3.171E-16  3.130E-16
  3.094E-16  3.058E-16  3.018E-16  2.978E-16  2.938E-16  2.899E-16  2.854E-16  2.816E-16  2.780E-16  2.744E-16
  2.709E-16  2.669E-16  2.630E-16  2.591E-16  2.553E-16  2.511E-16  2.473E-16  2.433E-16  2.400E-16  2.364E-16
  2.329E-16  2.294E-16  2.259E-16  2.221E-16  2.184E-16  2.144E-16  2.104E-16  2.064E-16  2.025E-16  1.996E-16
  1.969E-16  1.941E-16  1.912E-16  1.884E-16  1.855E-16  1.825E-16  1.794E-16  1.764E-16  1.733E-16  1.701E-16
  1.669E-16  1.646E-16  1.623E-16  1.598E-16  1.574E-16  1.549E-16  1.524E-16  1.498E-16  1.471E-16  1.445E-16
Rot+V=1    0.289   !         
  0.000E+00  9.054E-19  1.287E-18  1.845E-18  2.666E-18  3.876E-18  6.325E-18  1.579E-17  1.034E-16  4.119E-16
  5.360E-16  4.093E-16  2.437E-16  1.136E-16  3.335E-17  7.388E-18  1.416E-18  2.521E-19  4.488E-20  7.543E-21
  1.268E-21  1.899E-22  2.845E-23  4.023E-24  5.372E-25  6.772E-26  8.536E-27  9.591E-28  1.078E-28  1.079E-29
  1.081E-30  1.022E-31  8.610E-33  6.467E-34  6.477E-35  3.649E-36  3.654E-37  2.058E-38  1.160E-39  0.000E+00
  0.000E+00  0.000E+00  0.000E+00  0.000E+00  0.000E+00  0.000E+00  0.000E+00  0.000E+00  0.000E+00  0.000E+00
  0.000E+00  0.000E+00  0.000E+00  0.000E+00  0.000E+00  0.000E+00  0.000E+00  0.000E+00  0.000E+00  0.000E+00
  0.000E+00  0.000E+00  0.000E+00  0.000E+00  0.000E+00  0.000E+00  0.000E+00  0.000E+00  0.000E+00  0.000E+00
  0.000E+00  0.000E+00  0.000E+00  0.000E+00  0.000E+00  0.000E+00  0.000E+00  0.000E+00  0.000E+00  0.000E+00
  0.000E+00  0.000E+00  0.000E+00  0.000E+00  0.000E+00  0.000E+00  0.000E+00  0.000E+00  0.000E+00  0.000E+00
  0.000E+00  0.000E+00  0.000E+00  0.000E+00  0.000E+00  0.000E+00  0.000E+00  0.000E+00  0.000E+00  0.000E+00
  0.000E+00  0.000E+00  0.000E+00  0.000E+00  0.000E+00  0.000E+00  0.000E+00  0.000E+00  0.000E+00  0.000E+00
  0.000E+00  0.000E+00  0.000E+00  0.000E+00  0.000E+00  0.000E+00  0.000E+00  0.000E+00  0.000E+00  0.000E+00
  0.000E+00  0.000E+00  0.000E+00  0.000E+00  0.000E+00  0.000E+00  0.000E+00  0.000E+00  0.000E+00  0.000E+00
  0.000E+00  0.000E+00  0.000E+00  0.000E+00  0.000E+00  0.000E+00  0.000E+00  0.000E+00  0.000E+00  0.000E+00
  0.000E+00  0.000E+00  0.000E+00  0.000E+00  0.000E+00  0.000E+00  0.000E+00  0.000E+00  0.000E+00  0.000E+00
  0.000E+00  0.000E+00  0.000E+00  0.000E+00  0.000E+00  0.000E+00  0.000E+00  0.000E+00  0.000E+00  0.000E+00
  0.000E+00  0.000E+00  0.000E+00  0.000E+00  0.000E+00  0.000E+00  0.000E+00  0.000E+00  0.000E+00  0.000E+00
  0.000E+00  0.000E+00  0.000E+00  0.000E+00  0.000E+00  0.000E+00  0.000E+00  0.000E+00  0.000E+00  0.000E+00
  0.000E+00  0.000E+00  0.000E+00  0.000E+00  0.000E+00  0.000E+00  0.000E+00  0.000E+00  0.000E+00  0.000E+00
  0.000E+00  0.000E+00  0.000E+00  0.000E+00  0.000E+00  0.000E+00  0.000E+00  0.000E+00  0.000E+00  0.000E+00
V=2-8      1.100   !         
  0.000E+00  0.000E+00  0.000E+00  0.000E+00  0.000E+00  2.618E-20  1.641E-19  1.028E-18  6.443E-18  4.737E-17
  6.166E-17  5.652E-17  3.432E-17  1.678E-17  4.319E-18  7.145E-19  1.108E-19  1.613E-20  2.346E-21  3.201E-22
  4.368E-23  5.240E-24  6.288E-25  7.074E-26  7.464E-27  7.386E-28  7.308E-29  6.359E-30  5.533E-31  4.234E-32
  3.240E-33  2.325E-34  1.467E-35  8.142E-37  6.230E-38  2.507E-39  1.919E-40  0.000E+00  0.000E+00  0.000E+00
  0.000E+00  0.000E+00  0.000E+00  0.000E+00  0.000E+00  0.000E+00  0.000E+00  0.000E+00  0.000E+00  0.000E+00
  0.000E+00  0.000E+00  0.000E+00  0.000E+00  0.000E+00  0.000E+00  0.000E+00  0.000E+00  0.000E+00  0.000E+00
  0.000E+00  0.000E+00  0.000E+00  0.000E+00  0.000E+00  0.000E+00  0.000E+00  0.000E+00  0.000E+00  0.000E+00
  0.000E+00  0.000E+00  0.000E+00  0.000E+00  0.000E+00  0.000E+00  0.000E+00  0.000E+00  0.000E+00  0.000E+00
  0.000E+00  0.000E+00  0.000E+00  0.000E+00  0.000E+00  0.000E+00  0.000E+00  0.000E+00  0.000E+00  0.000E+00
  0.000E+00  0.000E+00  0.000E+00  0.000E+00  0.000E+00  0.000E+00  0.000E+00  0.000E+00  0.000E+00  0.000E+00
  0.000E+00  0.000E+00  0.000E+00  0.000E+00  0.000E+00  0.000E+00  0.000E+00  0.000E+00  0.000E+00  0.000E+00
  0.000E+00  0.000E+00  0.000E+00  0.000E+00  0.000E+00  0.000E+00  0.000E+00  0.000E+00  0.000E+00  0.000E+00
  0.000E+00  0.000E+00  0.000E+00  0.000E+00  0.000E+00  0.000E+00  0.000E+00  0.000E+00  0.000E+00  0.000E+00
  0.000E+00  0.000E+00  0.000E+00  0.000E+00  0.000E+00  0.000E+00  0.000E+00  0.000E+00  0.000E+00  0.000E+00
  0.000E+00  0.000E+00  0.000E+00  0.000E+00  0.000E+00  0.000E+00  0.000E+00  0.000E+00  0.000E+00  0.000E+00
  0.000E+00  0.000E+00  0.000E+00  0.000E+00  0.000E+00  0.000E+00  0.000E+00  0.000E+00  0.000E+00  0.000E+00
  0.000E+00  0.000E+00  0.000E+00  0.000E+00  0.000E+00  0.000E+00  0.000E+00  0.000E+00  0.000E+00  0.000E+00
  0.000E+00  0.000E+00  0.000E+00  0.000E+00  0.000E+00  0.000E+00  0.000E+00  0.000E+00  0.000E+00  0.000E+00
  0.000E+00  0.000E+00  0.000E+00  0.000E+00  0.000E+00  0.000E+00  0.000E+00  0.000E+00  0.000E+00  0.000E+00
  0.000E+00  0.000E+00  0.000E+00  0.000E+00  0.000E+00  0.000E+00  0.000E+00  0.000E+00  0.000E+00  0.000E+00
A3S        6.170   !         
  0.000E+00  0.000E+00  0.000E+00  0.000E+00  0.000E+00  0.000E+00  0.000E+00  0.000E+00  0.000E+00  0.000E+00
  0.000E+00  0.000E+00  0.000E+00  0.000E+00  0.000E+00  0.000E+00  0.000E+00  0.000E+00  0.000E+00  0.000E+00
  0.000E+00  0.000E+00  0.000E+00  2.059E-19  5.434E-19  1.380E-18  3.160E-18  6.799E-18  1.237E-17  1.880E-17
  2.338E-17  2.858E-17  3.440E-17  3.977E-17  4.470E-17  4.554E-17  4.623E-17  4.270E-17  3.849E-17  3.450E-17
  3.088E-17  2.759E-17  2.520E-17  2.317E-17  2.098E-17  1.915E-17  1.768E-17  1.649E-17  1.558E-17  1.463E-17
  1.385E-17  1.300E-17  1.225E-17  1.150E-17  1.084E-17  1.026E-17  9.591E-18  8.951E-18  8.380E-18  7.916E-18
  7.477E-18  7.013E-18  6.625E-18  6.213E-18  5.786E-18  5.427E-18  5.054E-18  4.707E-18  4.383E-18  4.091E-18
  3.813E-18  3.555E-18  3.314E-18  3.089E-18  2.861E-18  2.650E-18  2.454E-18  2.259E-18  2.079E-18  1.913E-18
  1.761E-18  1.610E-18  1.521E-18  1.435E-18  1.353E-18  1.276E-18  1.199E-18  1.127E-18  1.059E-18  9.908E-19
  9.273E-19  8.645E-19  8.059E-19  7.484E-19  7.051E-19  6.629E-19  6.233E-19  5.860E-19  5.492E-19  5.132E-19
  4.795E-19  4.480E-19  4.173E-19  3.875E-19  3.599E-19  3.332E-19  3.084E-19  2.820E-19  2.652E-19  2.417E-19
  2.203E-19  2.009E-19  1.831E-19  1.669E-19  1.522E-19  1.387E-19  1.264E-19  1.153E-19  1.019E-19  9.287E-20
  8.209E-20  7.256E-20  6.614E-20  5.846E-20  5.168E-20  4.568E-20  4.037E-20  3.569E-20  3.058E-20  2.703E-20
  2.317E-20  2.048E-20  1.755E-20  1.504E-20  1.289E-20  1.105E-20  9.469E-21  7.868E-21  6.744E-21  5.604E-21
  4.657E-21  3.870E-21  3.216E-21  2.672E-21  2.221E-21  1.789E-21  1.487E-21  1.198E-21  9.654E-22  7.542E-22
  6.077E-22  4.896E-22  3.825E-22  2.989E-22  2.335E-22  1.824E-22  1.382E-22  1.047E-22  7.930E-23  6.007E-23
  4.551E-23  3.343E-23  2.455E-23  1.803E-23  1.325E-23  9.434E-24  6.929E-24  4.785E-24  3.408E-24  2.353E-24
  1.625E-24  1.122E-24  7.750E-25  5.189E-25  3.474E-25  2.256E-25  1.464E-25  9.508E-26  6.173E-26  3.886E-26
  2.446E-26  1.493E-26  9.113E-27  5.562E-27  3.292E-27  1.948E-27  1.118E-27  6.416E-28  3.682E-28  2.049E-28
  1.105E-28  5.963E-29  3.217E-29  1.683E-29  8.804E-30  4.465E-30  2.265E-30  1.114E-30  5.312E-31  2.533E-31
B3P        7.350   !         
  0.000E+00  0.000E+00  0.000E+00  0.000E+00  0.000E+00  0.000E+00  0.000E+00  0.000E+00  0.000E+00  0.000E+00
  0.000E+00  0.000E+00  0.000E+00  0.000E+00  0.000E+00  0.000E+00  0.000E+00  0.000E+00  0.000E+00  0.000E+00
  0.000E+00  0.000E+00  0.000E+00  0.000E+00  0.000E+00  0.000E+00  0.000E+00  6.703E-19  1.015E-18  1.572E-18
  2.398E-18  3.384E-18  4.393E-18  5.653E-18  7.050E-18  8.521E-18  9.917E-18  1.124E-17  1.252E-17  1.367E-17
  1.485E-17  1.602E-17  1.700E-17  1.769E-17  1.848E-17  1.896E-17  1.944E-17  1.992E-17  2.025E-17  2.060E-17
  2.090E-17  2.130E-17  2.149E-17  2.167E-17  2.186E-17  2.183E-17  2.156E-17  2.124E-17  2.085E-17  2.026E-17
  1.969E-17  1.907E-17  1.854E-17  1.795E-17  1.732E-17  1.677E-17  1.619E-17  1.562E-17  1.507E-17  1.452E-17
  1.389E-17  1.328E-17  1.270E-17  1.215E-17  1.157E-17  1.102E-17  1.050E-17  9.959E-18  9.447E-18  8.962E-18
  8.502E-18  8.033E-18  7.489E-18  6.941E-18  6.432E-18  5.961E-18  5.496E-18  5.067E-18  4.672E-18  4.286E-18
  3.932E-18  3.589E-18  3.276E-18  2.975E-18  2.766E-18  2.572E-18  2.391E-18  2.223E-18  2.059E-18  1.901E-18
  1.755E-18  1.620E-18  1.489E-18  1.372E-18  1.278E-18  1.188E-18  1.104E-18  1.013E-18  9.556E-19  8.750E-19
  8.012E-19  7.336E-19  6.718E-19  6.151E-19  5.680E-19  5.336E-19  5.013E-19  4.709E-19  4.332E-19  4.070E-19
  3.744E-19  3.445E-19  3.236E-19  2.977E-19  2.739E-19  2.520E-19  2.318E-19  2.133E-19  1.922E-19  1.768E-19
  1.593E-19  1.466E-19  1.321E-19  1.190E-19  1.072E-19  9.662E-20  8.706E-20  7.683E-20  6.922E-20  6.109E-20
  5.391E-20  4.757E-20  4.198E-20  3.705E-20  3.269E-20  2.825E-20  2.493E-20  2.155E-20  1.862E-20  1.576E-20
  1.362E-20  1.177E-20  9.967E-21  8.436E-21  7.141E-21  6.044E-21  5.010E-21  4.154E-21  3.443E-21  2.854E-21
  2.366E-21  1.921E-21  1.560E-21  1.266E-21  1.028E-21  8.175E-22  6.637E-22  5.168E-22  4.110E-22  3.200E-22
  2.492E-22  1.941E-22  1.511E-22  1.153E-22  8.791E-23  6.566E-23  4.905E-23  3.664E-23  2.737E-23  2.002E-23
  1.464E-23  1.049E-23  7.517E-24  5.386E-24  3.779E-24  2.652E-24  1.822E-24  1.252E-24  8.606E-25  5.792E-25
  3.818E-25  2.516E-25  1.659E-25  1.071E-25  6.913E-26  4.371E-26  2.763E-26  1.711E-26  1.038E-26  6.293E-27
W3D        7.360   !         
  0.000E+00  0.000E+00  0.000E+00  0.000E+00  0.000E+00  0.000E+00  0.000E+00  0.000E+00  0.000E+00  0.000E+00
  0.000E+00  0.000E+00  0.000E+00  0.000E+00  0.000E+00  0.000E+00  0.000E+00  0.000E+00  0.000E+00  0.000E+00
  0.000E+00  0.000E+00  0.000E+00  0.000E+00  0.000E+00  0.000E+00  0.000E+00  1.942E-22  3.687E-22  7.238E-22
  1.421E-21  2.837E-21  5.859E-21  1.252E-20  2.457E-20  5.710E-20  1.121E-19  2.605E-19  6.054E-19  1.407E-18
  3.269E-18  8.993E-18  2.090E-17  2.586E-17  3.264E-17  3.675E-17  4.055E-17  4.383E-17  4.583E-17  4.790E-17
  4.976E-17  5.200E-17  5.144E-17  5.088E-17  5.032E-17  4.932E-17  4.776E-17  4.616E-17  4.418E-17  4.106E-17
  3.816E-17  3.514E-17  3.265E-17  3.007E-17  2.744E-17  2.526E-17  2.305E-17  2.103E-17  1.919E-17  1.762E-17
  1.630E-17  1.507E-17  1.394E-17  1.289E-17  1.184E-17  1.087E-17  9.980E-18  9.100E-18  8.297E-18  7.565E-18
  6.897E-18  6.244E-18  5.796E-18  5.363E-18  4.962E-18  4.591E-18  4.226E-18  3.890E-18  3.580E-18  3.278E-18
  3.002E-18  2.735E-18  2.491E-18  2.258E-18  2.103E-18  1.962E-18  1.831E-18  1.708E-18  1.588E-18  1.472E-18
  1.364E-18  1.264E-18  1.167E-18  1.078E-18  1.005E-18  9.348E-19  8.693E-19  7.990E-19  7.539E-19  6.910E-19
  6.333E-19  5.804E-19  5.319E-19  4.875E-19  4.501E-19  4.217E-19  3.951E-19  3.702E-19  3.394E-19  3.180E-19
  2.916E-19  2.673E-19  2.504E-19  2.296E-19  2.105E-19  1.930E-19  1.769E-19  1.622E-19  1.455E-19  1.334E-19
  1.197E-19  1.097E-19  9.845E-20  8.832E-20  7.924E-20  7.108E-20  6.377E-20  5.598E-20  5.022E-20  4.409E-20
  3.870E-20  3.397E-20  2.982E-20  2.618E-20  2.298E-20  1.974E-20  1.733E-20  1.489E-20  1.279E-20  1.075E-20
  9.233E-21  7.931E-21  6.667E-21  5.604E-21  4.710E-21  3.959E-21  3.256E-21  2.678E-21  2.203E-21  1.812E-21
  1.490E-21  1.199E-21  9.652E-22  7.768E-22  6.252E-22  4.924E-22  3.963E-22  3.054E-22  2.405E-22  1.853E-22
  1.428E-22  1.101E-22  8.481E-23  6.396E-23  4.823E-23  3.559E-23  2.626E-23  1.937E-23  1.430E-23  1.032E-23
  7.453E-24  5.265E-24  3.720E-24  2.628E-24  1.817E-24  1.256E-24  8.498E-25  5.749E-25  3.889E-25  2.574E-25
  1.667E-25  1.080E-25  6.996E-26  4.434E-26  2.811E-26  1.743E-26  1.081E-26  6.561E-27  3.896E-27  2.314E-27
a1P        9.100   !         
  0.000E+00  0.000E+00  0.000E+00  0.000E+00  0.000E+00  0.000E+00  0.000E+00  0.000E+00  0.000E+00  0.000E+00
  0.000E+00  0.000E+00  0.000E+00  0.000E+00  0.000E+00  0.000E+00  0.000E+00  0.000E+00  0.000E+00  0.000E+00
  0.000E+00  0.000E+00  0.000E+00  0.000E+00  0.000E+00  0.000E+00  0.000E+00  0.000E+00  0.000E+00  0.000E+00
  0.000E+00  1.735E-18  4.297E-18  7.444E-18  1.100E-17  1.461E-17  1.833E-17  2.227E-17  2.647E-17  2.930E-17
  3.186E-17  3.415E-17  3.600E-17  3.674E-17  3.752E-17  3.764E-17  3.755E-17  3.725E-17  3.695E-17  3.658E-17
  3.622E-17  3.560E-17  3.504E-17  3.448E-17  3.392E-17  3.329E-17  3.261E-17  3.197E-17  3.134E-17  3.071E-17
  3.008E-17  2.940E-17  2.881E-17  2.815E-17  2.744E-17  2.682E-17  2.614E-17  2.548E-17  2.484E-17  2.429E-17
  2.387E-17  2.346E-17  2.306E-17  2.267E-17  2.225E-17  2.184E-17  2.143E-17  2.100E-17  2.058E-17  2.016E-17
  1.976E-17  1.933E-17  1.898E-17  1.861E-17  1.826E-17  1.790E-17  1.754E-17  1.718E-17  1.683E-17  1.646E-17
  1.610E-17  1.573E-17  1.537E-17  1.500E-17  1.465E-17  1.428E-17  1.391E-17  1.356E-17  1.319E-17  1.282E-17
  1.246E-17  1.211E-17  1.176E-17  1.143E-17  1.121E-17  1.098E-17  1.075E-17  1.049E-17  1.032E-17  1.007E-17
  9.819E-18  9.577E-18  9.341E-18  9.110E-18  8.906E-18  8.748E-18  8.592E-18  8.439E-18  8.239E-18  8.092E-18
  7.900E-18  7.713E-18  7.576E-18  7.396E-18  7.221E-18  7.050E-18  6.917E-18  6.787E-18  6.628E-18  6.503E-18
  6.351E-18  6.231E-18  6.085E-18  5.942E-18  5.803E-18  5.667E-18  5.536E-18  5.397E-18  5.284E-18  5.151E-18
  5.022E-18  4.895E-18  4.772E-18  4.652E-18  4.535E-18  4.402E-18  4.297E-18  4.208E-18  4.120E-18  4.023E-18
  3.939E-18  3.857E-18  3.765E-18  3.676E-18  3.589E-18  3.504E-18  3.410E-18  3.336E-18  3.267E-18  3.200E-18
  3.134E-18  3.062E-18  2.992E-18  2.924E-18  2.857E-18  2.785E-18  2.721E-18  2.654E-18  2.598E-18  2.538E-18
  2.479E-18  2.422E-18  2.366E-18  2.307E-18  2.250E-18  2.189E-18  2.131E-18  2.073E-18  2.018E-18  1.969E-18
  1.922E-18  1.873E-18  1.826E-18  1.780E-18  1.732E-18  1.686E-18  1.638E-18  1.592E-18  1.546E-18  1.500E-18
  1.455E-18  1.425E-18  1.395E-18  1.364E-18  1.333E-18  1.302E-18  1.272E-18  1.241E-18  1.210E-18  1.179E-18
C3P       11.030   !         
  0.000E+00  0.000E+00  0.000E+00  0.000E+00  0.000E+00  0.000E+00  0.000E+00  0.000E+00  0.000E+00  0.000E+00
  0.000E+00  0.000E+00  0.000E+00  0.000E+00  0.000E+00  0.000E+00  0.000E+00  0.000E+00  0.000E+00  0.000E+00
  0.000E+00  0.000E+00  0.000E+00  0.000E+00  0.000E+00  0.000E+00  0.000E+00  0.000E+00  0.000E+00  0.000E+00
  0.000E+00  0.000E+00  0.000E+00  0.000E+00  0.000E+00  0.000E+00  2.156E-18  4.522E-18  9.485E-18  1.707E-17
  2.957E-17  3.633E-17  4.000E-17  3.481E-17  2.971E-17  2.641E-17  2.379E-17  2.173E-17  1.995E-17  1.807E-17
  1.657E-17  1.500E-17  1.406E-17  1.313E-17  1.236E-17  1.153E-17  1.069E-17  9.934E-18  9.285E-18  8.839E-18
  8.414E-18  7.961E-18  7.579E-18  7.170E-18  6.742E-18  6.379E-18  5.998E-18  5.640E-18  5.304E-18  5.008E-18
  4.755E-18  4.514E-18  4.285E-18  4.068E-18  3.844E-18  3.632E-18  3.431E-18  3.227E-18  3.035E-18  2.854E-18
  2.684E-18  2.512E-18  2.396E-18  2.281E-18  2.172E-18  2.068E-18  1.963E-18  1.863E-18  1.768E-18  1.672E-18
  1.582E-18  1.491E-18  1.406E-18  1.321E-18  1.260E-18  1.200E-18  1.144E-18  1.090E-18  1.036E-18  9.824E-19
  9.315E-19  8.833E-19  8.356E-19  7.937E-19  7.658E-19  7.378E-19  7.109E-19  6.808E-19  6.608E-19  6.319E-19
  6.043E-19  5.779E-19  5.527E-19  5.285E-19  5.070E-19  4.894E-19  4.723E-19  4.559E-19  4.349E-19  4.198E-19
  4.004E-19  3.820E-19  3.687E-19  3.517E-19  3.355E-19  3.200E-19  3.052E-19  2.912E-19  2.745E-19  2.618E-19
  2.468E-19  2.355E-19  2.220E-19  2.093E-19  1.973E-19  1.860E-19  1.753E-19  1.633E-19  1.540E-19  1.435E-19
  1.336E-19  1.245E-19  1.160E-19  1.081E-19  1.007E-19  9.271E-20  8.637E-20  7.952E-20  7.322E-20  6.662E-20
  6.134E-20  5.648E-20  5.139E-20  4.676E-20  4.255E-20  3.872E-20  3.482E-20  3.131E-20  2.816E-20  2.532E-20
  2.277E-20  2.023E-20  1.798E-20  1.598E-20  1.420E-20  1.247E-20  1.109E-20  9.622E-21  8.451E-21  7.335E-21
  6.367E-21  5.526E-21  4.797E-21  4.115E-21  3.529E-21  2.992E-21  2.536E-21  2.150E-21  1.823E-21  1.527E-21
  1.279E-21  1.059E-21  8.771E-22  7.262E-22  5.942E-22  4.862E-22  3.932E-22  3.180E-22  2.571E-22  2.055E-22
  1.623E-22  1.282E-22  1.012E-22  7.902E-23  6.168E-23  4.758E-23  3.670E-23  2.798E-23  2.108E-23  1.588E-23
Sum Sngl  16.000   !         
  0.000E+00  0.000E+00  0.000E+00  0.000E+00  0.000E+00  0.000E+00  0.000E+00  0.000E+00  0.000E+00  0.000E+00
  0.000E+00  0.000E+00  0.000E+00  0.000E+00  0.000E+00  0.000E+00  0.000E+00  0.000E+00  0.000E+00  0.000E+00
  0.000E+00  0.000E+00  0.000E+00  0.000E+00  0.000E+00  0.000E+00  0.000E+00  0.000E+00  0.000E+00  0.000E+00
  0.000E+00  0.000E+00  0.000E+00  0.000E+00  0.000E+00  0.000E+00  0.000E+00  0.000E+00  0.000E+00  0.000E+00
  0.000E+00  0.000E+00  0.000E+00  0.000E+00  0.000E+00  2.773E-18  4.367E-18  6.879E-18  9.436E-18  1.293E-17
  1.615E-17  2.100E-17  2.369E-17  2.673E-17  3.020E-17  3.410E-17  3.919E-17  4.504E-17  5.064E-17  5.330E-17
  5.609E-17  5.941E-17  6.252E-17  6.622E-17  7.059E-17  7.477E-17  7.970E-17  8.496E-17  9.056E-17  9.535E-17
  9.775E-17  1.002E-16  1.027E-16  1.053E-16  1.082E-16  1.112E-16  1.143E-16  1.177E-16  1.212E-16  1.248E-16
  1.286E-16  1.327E-16  1.334E-16  1.338E-16  1.343E-16  1.347E-16  1.352E-16  1.357E-16  1.361E-16  1.367E-16
  1.372E-16  1.377E-16  1.383E-16  1.388E-16  1.387E-16  1.383E-16  1.379E-16  1.375E-16  1.371E-16  1.367E-16
  1.362E-16  1.358E-16  1.353E-16  1.347E-16  1.338E-16  1.329E-16  1.319E-16  1.309E-16  1.301E-16  1.290E-16
  1.279E-16  1.268E-16  1.258E-16  1.247E-16  1.236E-16  1.225E-16  1.214E-16  1.203E-16  1.189E-16  1.178E-16
  1.164E-16  1.151E-16  1.140E-16  1.127E-16  1.113E-16  1.100E-16  1.088E-16  1.076E-16  1.061E-16  1.050E-16
  1.036E-16  1.024E-16  1.010E-16  9.966E-17  9.830E-17  9.696E-17  9.569E-17  9.447E-17  9.346E-17  9.226E-17
  9.108E-17  8.991E-17  8.876E-17  8.762E-17  8.650E-17  8.521E-17  8.415E-17  8.307E-17  8.201E-17  8.082E-17
  7.979E-17  7.877E-17  7.762E-17  7.649E-17  7.538E-17  7.428E-17  7.307E-17  7.197E-17  7.092E-17  6.988E-17
  6.886E-17  6.774E-17  6.664E-17  6.555E-17  6.449E-17  6.334E-17  6.231E-17  6.127E-17  6.045E-17  5.956E-17
  5.869E-17  5.783E-17  5.699E-17  5.608E-17  5.520E-17  5.425E-17  5.333E-17  5.242E-17  5.153E-17  5.075E-17
  5.002E-17  4.924E-17  4.848E-17  4.773E-17  4.695E-17  4.618E-17  4.537E-17  4.458E-17  4.381E-17  4.301E-17
  4.221E-17  4.160E-17  4.100E-17  4.037E-17  3.976E-17  3.913E-17  3.851E-17  3.787E-17  3.721E-17  3.657E-17
5001      56.500   !         
  0.000E+00  0.000E+00  0.000E+00  0.000E+00  0.000E+00  0.000E+00  0.000E+00  0.000E+00  0.000E+00  0.000E+00
  0.000E+00  0.000E+00  0.000E+00  0.000E+00  0.000E+00  0.000E+00  0.000E+00  0.000E+00  0.000E+00  0.000E+00
  0.000E+00  0.000E+00  0.000E+00  0.000E+00  0.000E+00  0.000E+00  0.000E+00  0.000E+00  0.000E+00  0.000E+00
  0.000E+00  0.000E+00  0.000E+00  0.000E+00  0.000E+00  0.000E+00  0.000E+00  0.000E+00  0.000E+00  0.000E+00
  0.000E+00  0.000E+00  0.000E+00  0.000E+00  0.000E+00  0.000E+00  0.000E+00  0.000E+00  0.000E+00  0.000E+00
  0.000E+00  0.000E+00  0.000E+00  0.000E+00  0.000E+00  0.000E+00  0.000E+00  0.000E+00  0.000E+00  0.000E+00
  0.000E+00  0.000E+00  0.000E+00  0.000E+00  0.000E+00  0.000E+00  0.000E+00  0.000E+00  0.000E+00  0.000E+00
  0.000E+00  0.000E+00  0.000E+00  0.000E+00  0.000E+00  0.000E+00  0.000E+00  0.000E+00  0.000E+00  0.000E+00
  0.000E+00  0.000E+00  0.000E+00  0.000E+00  0.000E+00  0.000E+00  4.609E-21  5.170E-21  5.801E-21  6.554E-21
  7.406E-21  8.429E-21  9.594E-21  1.100E-20  1.252E-20  1.445E-20  1.669E-20  1.927E-20  2.240E-20  2.624E-20
  3.074E-20  3.601E-20  4.248E-20  4.897E-20  5.244E-20  5.632E-20  6.048E-20  6.570E-20  6.956E-20  7.578E-20
  8.255E-20  8.993E-20  9.797E-20  1.067E-19  1.138E-19  1.162E-19  1.187E-19  1.213E-19  1.248E-19  1.275E-19
  1.311E-19  1.349E-19  1.378E-19  1.417E-19  1.458E-19  1.500E-19  1.495E-19  1.490E-19  1.484E-19  1.479E-19
  1.473E-19  1.468E-19  1.463E-19  1.457E-19  1.451E-19  1.445E-19  1.436E-19  1.412E-19  1.393E-19  1.370E-19
  1.348E-19  1.325E-19  1.304E-19  1.282E-19  1.261E-19  1.237E-19  1.217E-19  1.193E-19  1.170E-19  1.144E-19
  1.122E-19  1.100E-19  1.075E-19  1.052E-19  1.028E-19  1.006E-19  9.805E-20  9.612E-20  9.437E-20  9.265E-20
  9.096E-20  8.913E-20  8.733E-20  8.556E-20  8.383E-20  8.197E-20  8.032E-20  7.855E-20  7.709E-20  7.552E-20
  7.399E-20  7.248E-20  7.101E-20  6.945E-20  6.792E-20  6.631E-20  6.474E-20  6.321E-20  6.171E-20  6.064E-20
  5.966E-20  5.863E-20  5.762E-20  5.663E-20  5.560E-20  5.458E-20  5.352E-20  5.249E-20  5.147E-20  5.042E-20
  4.936E-20  4.846E-20  4.757E-20  4.665E-20  4.576E-20  4.483E-20  4.393E-20  4.300E-20  4.206E-20  4.114E-20
b1P        7.350   !         
  0.000E+00  0.000E+00  0.000E+00  0.000E+00  0.000E+00  0.000E+00  0.000E+00  0.000E+00  0.000E+00  0.000E+00
  0.000E+00  0.000E+00  0.000E+00  0.000E+00  0.000E+00  0.000E+00  0.000E+00  0.000E+00  0.000E+00  0.000E+00
  0.000E+00  0.000E+00  0.000E+00  0.000E+00  0.000E+00  0.000E+00  0.000E+00  1.328E-18  3.066E-18  7.298E-18
  1.658E-17  3.291E-17  4.749E-17  5.482E-17  5.900E-17  5.696E-17  5.539E-17  4.842E-17  4.129E-17  3.677E-17
  3.309E-17  3.086E-17  2.940E-17  2.802E-17  2.644E-17  2.492E-17  2.368E-17  2.266E-17  2.194E-17  2.122E-17
  2.068E-17  2.000E-17  1.907E-17  1.813E-17  1.720E-17  1.634E-17  1.544E-17  1.460E-17  1.380E-17  1.301E-17
  1.226E-17  1.148E-17  1.082E-17  1.013E-17  9.411E-18  8.809E-18  8.184E-18  7.604E-18  7.064E-18  6.579E-18
  6.119E-18  5.692E-18  5.294E-18  4.925E-18  4.551E-18  4.205E-18  3.886E-18  3.567E-18  3.274E-18  3.006E-18
  2.759E-18  2.517E-18  2.353E-18  2.195E-18  2.047E-18  1.909E-18  1.772E-18  1.645E-18  1.527E-18  1.411E-18
  1.303E-18  1.199E-18  1.102E-18  1.009E-18  9.468E-19  8.895E-19  8.356E-19  7.850E-19  7.352E-19  6.864E-19
  6.408E-19  5.982E-19  5.568E-19  5.166E-19  4.793E-19  4.433E-19  4.100E-19  3.745E-19  3.518E-19  3.204E-19
  2.917E-19  2.656E-19  2.419E-19  2.202E-19  2.005E-19  1.826E-19  1.663E-19  1.514E-19  1.336E-19  1.217E-19
  1.074E-19  9.478E-20  8.630E-20  7.617E-20  6.723E-20  5.933E-20  5.236E-20  4.622E-20  3.953E-20  3.489E-20
  2.985E-20  2.634E-20  2.253E-20  1.928E-20  1.649E-20  1.411E-20  1.207E-20  1.001E-20  8.559E-21  7.097E-21
  5.884E-21  4.879E-21  4.045E-21  3.354E-21  2.781E-21  2.235E-21  1.853E-21  1.489E-21  1.197E-21  9.322E-22
  7.492E-22  6.021E-22  4.690E-22  3.653E-22  2.845E-22  2.216E-22  1.673E-22  1.263E-22  9.539E-23  7.201E-23
  5.437E-23  3.979E-23  2.912E-23  2.131E-23  1.559E-23  1.106E-23  8.092E-24  5.563E-24  3.946E-24  2.713E-24
  1.865E-24  1.282E-24  8.814E-25  5.873E-25  3.913E-25  2.527E-25  1.632E-25  1.054E-25  6.809E-26  4.262E-26
  2.668E-26  1.619E-26  9.822E-27  5.960E-27  3.505E-27  2.061E-27  1.175E-27  6.697E-28  3.817E-28  2.109E-28
  1.129E-28  6.048E-29  3.238E-29  1.681E-29  8.724E-30  4.389E-30  2.208E-30  1.077E-30  5.088E-31  2.405E-31
B1Pu      12.580   !         
  0.000E+00  0.000E+00  0.000E+00  0.000E+00  0.000E+00  0.000E+00  0.000E+00  0.000E+00  0.000E+00  0.000E+00
  0.000E+00  0.000E+00  0.000E+00  0.000E+00  0.000E+00  0.000E+00  0.000E+00  0.000E+00  0.000E+00  0.000E+00
  0.000E+00  0.000E+00  0.000E+00  0.000E+00  0.000E+00  0.000E+00  0.000E+00  0.000E+00  0.000E+00  0.000E+00
  0.000E+00  0.000E+00  0.000E+00  0.000E+00  0.000E+00  0.000E+00  0.000E+00  0.000E+00  0.000E+00  3.468E-20
  1.641E-19  3.937E-19  6.920E-19  9.557E-19  1.409E-18  2.081E-18  2.918E-18  3.881E-18  4.740E-18  5.866E-18
  7.039E-18  8.700E-18  9.704E-18  1.083E-17  1.211E-17  1.348E-17  1.527E-17  1.730E-17  1.920E-17  2.002E-17
  2.087E-17  2.187E-17  2.280E-17  2.390E-17  2.518E-17  2.639E-17  2.780E-17  2.929E-17  3.085E-17  3.212E-17
  3.257E-17  3.303E-17  3.349E-17  3.396E-17  3.448E-17  3.501E-17  3.555E-17  3.614E-17  3.674E-17  3.735E-17
  3.797E-17  3.865E-17  3.875E-17  3.881E-17  3.887E-17  3.893E-17  3.899E-17  3.906E-17  3.912E-17  3.919E-17
  3.926E-17  3.933E-17  3.940E-17  3.948E-17  3.940E-17  3.925E-17  3.910E-17  3.895E-17  3.879E-17  3.862E-17
  3.846E-17  3.830E-17  3.813E-17  3.791E-17  3.762E-17  3.732E-17  3.702E-17  3.668E-17  3.644E-17  3.609E-17
  3.574E-17  3.540E-17  3.506E-17  3.472E-17  3.439E-17  3.407E-17  3.374E-17  3.343E-17  3.301E-17  3.269E-17
  3.228E-17  3.188E-17  3.158E-17  3.118E-17  3.079E-17  3.040E-17  3.014E-17  2.988E-17  2.956E-17  2.931E-17
  2.899E-17  2.875E-17  2.844E-17  2.813E-17  2.783E-17  2.754E-17  2.724E-17  2.685E-17  2.654E-17  2.617E-17
  2.580E-17  2.544E-17  2.508E-17  2.473E-17  2.438E-17  2.398E-17  2.365E-17  2.334E-17  2.302E-17  2.267E-17
  2.236E-17  2.206E-17  2.172E-17  2.139E-17  2.106E-17  2.074E-17  2.038E-17  2.007E-17  1.979E-17  1.950E-17
  1.923E-17  1.892E-17  1.862E-17  1.833E-17  1.803E-17  1.772E-17  1.744E-17  1.715E-17  1.691E-17  1.665E-17
  1.640E-17  1.615E-17  1.591E-17  1.565E-17  1.539E-17  1.512E-17  1.486E-17  1.459E-17  1.434E-17  1.410E-17
  1.387E-17  1.363E-17  1.340E-17  1.316E-17  1.292E-17  1.268E-17  1.244E-17  1.220E-17  1.196E-17  1.171E-17
  1.147E-17  1.130E-17  1.113E-17  1.096E-17  1.078E-17  1.060E-17  1.043E-17  1.025E-17  1.006E-17  9.882E-18
b1Su      13.500   !         
  0.000E+00  0.000E+00  0.000E+00  0.000E+00  0.000E+00  0.000E+00  0.000E+00  0.000E+00  0.000E+00  0.000E+00
  0.000E+00  0.000E+00  0.000E+00  0.000E+00  0.000E+00  0.000E+00  0.000E+00  0.000E+00  0.000E+00  0.000E+00
  0.000E+00  0.000E+00  0.000E+00  0.000E+00  0.000E+00  0.000E+00  0.000E+00  0.000E+00  0.000E+00  0.000E+00
  0.000E+00  0.000E+00  0.000E+00  0.000E+00  0.000E+00  0.000E+00  0.000E+00  0.000E+00  0.000E+00  0.000E+00
  0.000E+00  3.715E-20  1.380E-19  1.912E-19  2.827E-19  4.168E-19  5.878E-19  7.933E-19  9.920E-19  1.266E-18
  1.565E-18  2.000E-18  2.472E-18  3.064E-18  3.801E-18  4.705E-18  5.364E-18  5.891E-18  6.399E-18  6.727E-18
  7.072E-18  7.481E-18  7.864E-18  8.318E-18  8.854E-18  9.366E-18  9.969E-18  1.061E-17  1.130E-17  1.187E-17
  1.214E-17  1.241E-17  1.269E-17  1.298E-17  1.330E-17  1.363E-17  1.397E-17  1.434E-17  1.472E-17  1.512E-17
  1.552E-17  1.597E-17  1.605E-17  1.611E-17  1.617E-17  1.623E-17  1.629E-17  1.636E-17  1.642E-17  1.649E-17
  1.656E-17  1.663E-17  1.670E-17  1.678E-17  1.677E-17  1.672E-17  1.667E-17  1.662E-17  1.656E-17  1.651E-17
  1.645E-17  1.640E-17  1.634E-17  1.627E-17  1.618E-17  1.609E-17  1.600E-17  1.589E-17  1.581E-17  1.570E-17
  1.559E-17  1.549E-17  1.538E-17  1.527E-17  1.516E-17  1.503E-17  1.491E-17  1.478E-17  1.462E-17  1.450E-17
  1.434E-17  1.418E-17  1.406E-17  1.391E-17  1.375E-17  1.360E-17  1.344E-17  1.328E-17  1.308E-17  1.292E-17
  1.273E-17  1.258E-17  1.239E-17  1.220E-17  1.202E-17  1.184E-17  1.168E-17  1.153E-17  1.141E-17  1.126E-17
  1.112E-17  1.098E-17  1.084E-17  1.070E-17  1.057E-17  1.041E-17  1.028E-17  1.014E-17  1.001E-17  9.857E-18
  9.726E-18  9.597E-18  9.451E-18  9.308E-18  9.167E-18  9.028E-18  8.874E-18  8.738E-18  8.609E-18  8.481E-18
  8.356E-18  8.218E-18  8.083E-18  7.950E-18  7.820E-18  7.679E-18  7.552E-18  7.422E-18  7.316E-18  7.203E-18
  7.091E-18  6.981E-18  6.873E-18  6.757E-18  6.644E-18  6.524E-18  6.406E-18  6.290E-18  6.176E-18  6.075E-18
  5.979E-18  5.878E-18  5.779E-18  5.682E-18  5.580E-18  5.480E-18  5.376E-18  5.274E-18  5.174E-18  5.071E-18
  4.968E-18  4.890E-18  4.814E-18  4.735E-18  4.657E-18  4.577E-18  4.498E-18  4.417E-18  4.334E-18  4.253E-18
N2P(X)    15.580   ! X       
N2           + E            = N2P          + E            +              +                15.580
  0.000E+00  0.000E+00  0.000E+00  0.000E+00  0.000E+00  0.000E+00  0.000E+00  0.000E+00  0.000E+00  0.000E+00
  0.000E+00  0.000E+00  0.000E+00  0.000E+00  0.000E+00  0.000E+00  0.000E+00  0.000E+00  0.000E+00  0.000E+00
  0.000E+00  0.000E+00  0.000E+00  0.000E+00  0.000E+00  0.000E+00  0.000E+00  0.000E+00  0.000E+00  0.000E+00
  0.000E+00  0.000E+00  0.000E+00  0.000E+00  0.000E+00  0.000E+00  0.000E+00  0.000E+00  0.000E+00  0.000E+00
  0.000E+00  0.000E+00  0.000E+00  0.000E+00  8.474E-20  1.209E-18  2.333E-18  3.457E-18  4.862E-18  6.627E-18
  8.269E-18  1.026E-17  1.214E-17  1.399E-17  1.592E-17  1.807E-17  2.038E-17  2.263E-17  2.481E-17  2.679E-17
  2.877E-17  3.099E-17  3.296E-17  3.519E-17  3.766E-17  3.988E-17  4.235E-17  4.482E-17  4.729E-17  4.951E-17
  5.129E-17  5.307E-17  5.486E-17  5.664E-17  5.859E-17  6.053E-17  6.248E-17  6.458E-17  6.669E-17  6.880E-17
  7.091E-17  7.318E-17  7.433E-17  7.547E-17  7.661E-17  7.775E-17  7.896E-17  8.018E-17  8.140E-17  8.269E-17
  8.398E-17  8.535E-17  8.672E-17  8.816E-17  8.889E-17  8.942E-17  8.995E-17  9.048E-17  9.104E-17  9.163E-17
  9.221E-17  9.280E-17  9.341E-17  9.390E-17  9.406E-17  9.421E-17  9.437E-17  9.456E-17  9.468E-17  9.487E-17
  9.506E-17  9.525E-17  9.544E-17  9.563E-17  9.568E-17  9.546E-17  9.523E-17  9.500E-17  9.470E-17  9.447E-17
  9.416E-17  9.386E-17  9.363E-17  9.333E-17  9.302E-17  9.272E-17  9.208E-17  9.144E-17  9.065E-17  9.001E-17
  8.921E-17  8.857E-17  8.777E-17  8.697E-17  8.618E-17  8.538E-17  8.461E-17  8.381E-17  8.314E-17  8.235E-17
  8.155E-17  8.075E-17  7.995E-17  7.915E-17  7.836E-17  7.742E-17  7.665E-17  7.589E-17  7.512E-17  7.425E-17
  7.348E-17  7.272E-17  7.184E-17  7.097E-17  7.010E-17  6.922E-17  6.824E-17  6.741E-17  6.662E-17  6.583E-17
  6.505E-17  6.417E-17  6.330E-17  6.243E-17  6.155E-17  6.059E-17  5.972E-17  5.878E-17  5.800E-17  5.715E-17
  5.630E-17  5.545E-17  5.460E-17  5.368E-17  5.275E-17  5.176E-17  5.077E-17  4.977E-17  4.878E-17  4.812E-17
  4.752E-17  4.688E-17  4.625E-17  4.561E-17  4.493E-17  4.425E-17  4.353E-17  4.281E-17  4.210E-17  4.134E-17
  4.058E-17  4.003E-17  3.948E-17  3.890E-17  3.832E-17  3.772E-17  3.711E-17  3.648E-17  3.582E-17  3.516E-17
N2P(A)    16.730   ! A       
N2           + E            = N2P          + E            +              +                16.730
  0.000E+00  0.000E+00  0.000E+00  0.000E+00  0.000E+00  0.000E+00  0.000E+00  0.000E+00  0.000E+00  0.000E+00
  0.000E+00  0.000E+00  0.000E+00  0.000E+00  0.000E+00  0.000E+00  0.000E+00  0.000E+00  0.000E+00  0.000E+00
  0.000E+00  0.000E+00  0.000E+00  0.000E+00  0.000E+00  0.000E+00  0.000E+00  0.000E+00  0.000E+00  0.000E+00
  0.000E+00  0.000E+00  0.000E+00  0.000E+00  0.000E+00  0.000E+00  0.000E+00  0.000E+00  0.000E+00  0.000E+00
  0.000E+00  0.000E+00  0.000E+00  0.000E+00  6.690E-20  9.543E-19  1.842E-18  2.729E-18  3.839E-18  5.232E-18
  6.528E-18  8.100E-18  9.584E-18  1.104E-17  1.257E-17  1.426E-17  1.609E-17  1.787E-17  1.959E-17  2.115E-17
  2.271E-17  2.446E-17  2.603E-17  2.778E-17  2.973E-17  3.149E-17  3.343E-17  3.538E-17  3.733E-17  3.908E-17
  4.049E-17  4.190E-17  4.331E-17  4.472E-17  4.625E-17  4.779E-17  4.932E-17  5.099E-17  5.265E-17  5.432E-17
  5.598E-17  5.777E-17  5.868E-17  5.958E-17  6.048E-17  6.138E-17  6.234E-17  6.330E-17  6.426E-17  6.528E-17
  6.630E-17  6.738E-17  6.846E-17  6.960E-17  7.017E-17  7.059E-17  7.101E-17  7.143E-17  7.187E-17  7.234E-17
  7.280E-17  7.326E-17  7.374E-17  7.413E-17  7.425E-17  7.438E-17  7.451E-17  7.465E-17  7.475E-17  7.490E-17
  7.505E-17  7.520E-17  7.535E-17  7.550E-17  7.554E-17  7.536E-17  7.518E-17  7.500E-17  7.476E-17  7.458E-17
  7.434E-17  7.410E-17  7.392E-17  7.368E-17  7.344E-17  7.320E-17  7.270E-17  7.219E-17  7.156E-17  7.106E-17
  7.043E-17  6.992E-17  6.929E-17  6.866E-17  6.803E-17  6.740E-17  6.679E-17  6.616E-17  6.564E-17  6.501E-17
  6.438E-17  6.375E-17  6.312E-17  6.249E-17  6.186E-17  6.113E-17  6.051E-17  5.991E-17  5.931E-17  5.862E-17
  5.801E-17  5.741E-17  5.672E-17  5.603E-17  5.534E-17  5.465E-17  5.387E-17  5.322E-17  5.260E-17  5.198E-17
  5.135E-17  5.066E-17  4.997E-17  4.928E-17  4.859E-17  4.783E-17  4.714E-17  4.641E-17  4.579E-17  4.512E-17
  4.445E-17  4.378E-17  4.310E-17  4.238E-17  4.165E-17  4.086E-17  4.008E-17  3.930E-17  3.851E-17  3.799E-17
  3.752E-17  3.701E-17  3.651E-17  3.601E-17  3.547E-17  3.494E-17  3.437E-17  3.380E-17  3.323E-17  3.264E-17
  3.203E-17  3.160E-17  3.117E-17  3.071E-17  3.026E-17  2.978E-17  2.930E-17  2.880E-17  2.828E-17  2.776E-17
N2P(B)    18.750   ! B       
N2           + E            = N2P          + E            +              +                18.750
  0.000E+00  0.000E+00  0.000E+00  0.000E+00  0.000E+00  0.000E+00  0.000E+00  0.000E+00  0.000E+00  0.000E+00
  0.000E+00  0.000E+00  0.000E+00  0.000E+00  0.000E+00  0.000E+00  0.000E+00  0.000E+00  0.000E+00  0.000E+00
  0.000E+00  0.000E+00  0.000E+00  0.000E+00  0.000E+00  0.000E+00  0.000E+00  0.000E+00  0.000E+00  0.000E+00
  0.000E+00  0.000E+00  0.000E+00  0.000E+00  0.000E+00  0.000E+00  0.000E+00  0.000E+00  0.000E+00  0.000E+00
  0.000E+00  0.000E+00  0.000E+00  0.000E+00  1.784E-20  2.545E-19  4.911E-19  7.278E-19  1.024E-18  1.395E-18
  1.741E-18  2.160E-18  2.556E-18  2.945E-18  3.352E-18  3.804E-18  4.291E-18  4.765E-18  5.224E-18  5.640E-18
  6.056E-18  6.524E-18  6.940E-18  7.408E-18  7.928E-18  8.396E-18  8.916E-18  9.436E-18  9.956E-18  1.042E-17
  1.080E-17  1.117E-17  1.155E-17  1.192E-17  1.233E-17  1.274E-17  1.315E-17  1.360E-17  1.404E-17  1.448E-17
  1.493E-17  1.541E-17  1.565E-17  1.589E-17  1.613E-17  1.637E-17  1.662E-17  1.688E-17  1.714E-17  1.741E-17
  1.768E-17  1.797E-17  1.826E-17  1.856E-17  1.871E-17  1.882E-17  1.894E-17  1.905E-17  1.917E-17  1.929E-17
  1.941E-17  1.954E-17  1.966E-17  1.977E-17  1.980E-17  1.983E-17  1.987E-17  1.991E-17  1.993E-17  1.997E-17
  2.001E-17  2.005E-17  2.009E-17  2.013E-17  2.014E-17  2.010E-17  2.005E-17  2.000E-17  1.994E-17  1.989E-17
  1.982E-17  1.976E-17  1.971E-17  1.965E-17  1.958E-17  1.952E-17  1.939E-17  1.925E-17  1.908E-17  1.895E-17
  1.878E-17  1.865E-17  1.848E-17  1.831E-17  1.814E-17  1.797E-17  1.781E-17  1.764E-17  1.750E-17  1.734E-17
  1.717E-17  1.700E-17  1.683E-17  1.666E-17  1.650E-17  1.630E-17  1.614E-17  1.598E-17  1.582E-17  1.563E-17
  1.547E-17  1.531E-17  1.512E-17  1.494E-17  1.476E-17  1.457E-17  1.437E-17  1.419E-17  1.403E-17  1.386E-17
  1.369E-17  1.351E-17  1.333E-17  1.314E-17  1.296E-17  1.276E-17  1.257E-17  1.238E-17  1.221E-17  1.203E-17
  1.185E-17  1.167E-17  1.149E-17  1.130E-17  1.111E-17  1.090E-17  1.069E-17  1.048E-17  1.027E-17  1.013E-17
  1.000E-17  9.870E-18  9.736E-18  9.602E-18  9.459E-18  9.316E-18  9.165E-18  9.014E-18  8.862E-18  8.703E-18
  8.543E-18  8.427E-18  8.311E-18  8.190E-18  8.068E-18  7.941E-18  7.814E-18  7.680E-18  7.542E-18  7.403E-18
NP        24.290   ! All    
N2           + E            = NP           + N            + E            +                24.290
  0.000E+00  0.000E+00  0.000E+00  0.000E+00  0.000E+00  0.000E+00  0.000E+00  0.000E+00  0.000E+00  0.000E+00
  0.000E+00  0.000E+00  0.000E+00  0.000E+00  0.000E+00  0.000E+00  0.000E+00  0.000E+00  0.000E+00  0.000E+00
  0.000E+00  0.000E+00  0.000E+00  0.000E+00  0.000E+00  0.000E+00  0.000E+00  0.000E+00  0.000E+00  0.000E+00
  0.000E+00  0.000E+00  0.000E+00  0.000E+00  0.000E+00  0.000E+00  0.000E+00  0.000E+00  0.000E+00  0.000E+00
  0.000E+00  0.000E+00  0.000E+00  0.000E+00  5.352E-20  7.634E-19  1.473E-18  2.183E-18  3.071E-18  4.186E-18
  5.222E-18  6.480E-18  7.667E-18  8.834E-18  1.006E-17  1.141E-17  1.287E-17  1.429E-17  1.567E-17  1.692E-17
  1.817E-17  1.957E-17  2.082E-17  2.222E-17  2.378E-17  2.519E-17  2.675E-17  2.831E-17  2.987E-17  3.127E-17
  3.239E-17  3.352E-17  3.465E-17  3.577E-17  3.700E-17  3.823E-17  3.946E-17  4.079E-17  4.212E-17  4.345E-17
  4.478E-17  4.622E-17  4.694E-17  4.766E-17  4.838E-17  4.910E-17  4.987E-17  5.064E-17  5.141E-17  5.222E-17
  5.304E-17  5.390E-17  5.477E-17  5.568E-17  5.614E-17  5.647E-17  5.681E-17  5.715E-17  5.750E-17  5.787E-17
  5.824E-17  5.861E-17  5.899E-17  5.931E-17  5.940E-17  5.950E-17  5.960E-17  5.972E-17  5.980E-17  5.992E-17
  6.004E-17  6.016E-17  6.028E-17  6.040E-17  6.043E-17  6.029E-17  6.014E-17  6.000E-17  5.981E-17  5.966E-17
  5.947E-17  5.928E-17  5.914E-17  5.894E-17  5.875E-17  5.856E-17  5.816E-17  5.775E-17  5.725E-17  5.685E-17
  5.634E-17  5.594E-17  5.544E-17  5.493E-17  5.443E-17  5.392E-17  5.344E-17  5.293E-17  5.251E-17  5.201E-17
  5.150E-17  5.100E-17  5.050E-17  4.999E-17  4.949E-17  4.890E-17  4.841E-17  4.793E-17  4.744E-17  4.689E-17
  4.641E-17  4.593E-17  4.537E-17  4.482E-17  4.427E-17  4.372E-17  4.310E-17  4.257E-17  4.208E-17  4.158E-17
  4.108E-17  4.053E-17  3.998E-17  3.943E-17  3.888E-17  3.827E-17  3.772E-17  3.713E-17  3.663E-17  3.610E-17
  3.556E-17  3.502E-17  3.448E-17  3.390E-17  3.332E-17  3.269E-17  3.206E-17  3.144E-17  3.081E-17  3.039E-17
  3.001E-17  2.961E-17  2.921E-17  2.880E-17  2.838E-17  2.795E-17  2.749E-17  2.704E-17  2.659E-17  2.611E-17
  2.563E-17  2.528E-17  2.493E-17  2.457E-17  2.420E-17  2.382E-17  2.344E-17  2.304E-17  2.262E-17  2.221E-17
CO            1
TOTAL INELASTIC CROSS SECTION (cm^2)
  0.000E+00  0.000E+00  0.000E+00  0.000E+00  0.000E+00  0.000E+00  0.000E+00  0.000E+00  0.000E+00  0.000E+00
  0.000E+00  0.000E+00  0.000E+00  0.000E+00  0.000E+00  0.000E+00  0.000E+00  0.000E+00  0.000E+00  0.000E+00
  0.000E+00  0.000E+00  0.000E+00  0.000E+00  0.000E+00  0.000E+00  0.000E+00  0.000E+00  0.000E+00  0.000E+00
  0.000E+00  6.480E-23  8.997E-20  1.739E-19  1.335E-19  7.973E-20  4.431E-20  1.778E-20  7.488E-21  5.141E-21
  3.133E-21  0.000E+00  0.000E+00  0.000E+00  0.000E+00  0.000E+00  0.000E+00  0.000E+00  0.000E+00  0.000E+00
  0.000E+00  0.000E+00  0.000E+00  0.000E+00  0.000E+00  0.000E+00  0.000E+00  0.000E+00  0.000E+00  0.000E+00
  0.000E+00  0.000E+00  0.000E+00  0.000E+00  0.000E+00  0.000E+00  0.000E+00  0.000E+00  0.000E+00  0.000E+00
  0.000E+00  0.000E+00  0.000E+00  0.000E+00  0.000E+00  0.000E+00  0.000E+00  0.000E+00  0.000E+00  0.000E+00
  0.000E+00  0.000E+00  0.000E+00  0.000E+00  0.000E+00  0.000E+00  0.000E+00  0.000E+00  0.000E+00  0.000E+00
  0.000E+00  0.000E+00  0.000E+00  0.000E+00  0.000E+00  0.000E+00  0.000E+00  0.000E+00  0.000E+00  0.000E+00
  0.000E+00  0.000E+00  0.000E+00  0.000E+00  0.000E+00  0.000E+00  0.000E+00  0.000E+00  0.000E+00  0.000E+00
  0.000E+00  0.000E+00  0.000E+00  0.000E+00  0.000E+00  0.000E+00  0.000E+00  0.000E+00  0.000E+00  0.000E+00
  0.000E+00  0.000E+00  0.000E+00  0.000E+00  0.000E+00  0.000E+00  0.000E+00  0.000E+00  0.000E+00  0.000E+00
  0.000E+00  0.000E+00  0.000E+00  0.000E+00  0.000E+00  0.000E+00  0.000E+00  0.000E+00  0.000E+00  0.000E+00
  0.000E+00  0.000E+00  0.000E+00  0.000E+00  0.000E+00  0.000E+00  0.000E+00  0.000E+00  0.000E+00  0.000E+00
  0.000E+00  0.000E+00  0.000E+00  0.000E+00  0.000E+00  0.000E+00  0.000E+00  0.000E+00  0.000E+00  0.000E+00
  0.000E+00  0.000E+00  0.000E+00  0.000E+00  0.000E+00  0.000E+00  0.000E+00  0.000E+00  0.000E+00  0.000E+00
  0.000E+00  0.000E+00  0.000E+00  0.000E+00  0.000E+00  0.000E+00  0.000E+00  0.000E+00  0.000E+00  0.000E+00
  0.000E+00  0.000E+00  0.000E+00  0.000E+00  0.000E+00  0.000E+00  0.000E+00  0.000E+00  0.000E+00  0.000E+00
  0.000E+00  0.000E+00  0.000E+00  0.000E+00  0.000E+00  0.000E+00  0.000E+00  0.000E+00  0.000E+00  0.000E+00
CO           + E            = OM           +  C           +              +                0.0
  0.000E+00  0.000E+00  0.000E+00  0.000E+00  0.000E+00  0.000E+00  0.000E+00  0.000E+00  0.000E+00  0.000E+00
  0.000E+00  0.000E+00  0.000E+00  0.000E+00  0.000E+00  0.000E+00  0.000E+00  0.000E+00  0.000E+00  0.000E+00
  0.000E+00  0.000E+00  0.000E+00  0.000E+00  0.000E+00  0.000E+00  0.000E+00  0.000E+00  0.000E+00  0.000E+00
  0.000E+00  1.000E+00  1.000E+00  1.000E+00  1.000E+00  1.000E+00  1.000E+00  1.000E+00  1.000E+00  1.000E+00
  1.000E+00  0.000E+00  0.000E+00  0.000E+00  0.000E+00  0.000E+00  0.000E+00  0.000E+00  0.000E+00  0.000E+00
  0.000E+00  0.000E+00  0.000E+00  0.000E+00  0.000E+00  0.000E+00  0.000E+00  0.000E+00  0.000E+00  0.000E+00
  0.000E+00  0.000E+00  0.000E+00  0.000E+00  0.000E+00  0.000E+00  0.000E+00  0.000E+00  0.000E+00  0.000E+00
  0.000E+00  0.000E+00  0.000E+00  0.000E+00  0.000E+00  0.000E+00  0.000E+00  0.000E+00  0.000E+00  0.000E+00
  0.000E+00  0.000E+00  0.000E+00  0.000E+00  0.000E+00  0.000E+00  0.000E+00  0.000E+00  0.000E+00  0.000E+00
  0.000E+00  0.000E+00  0.000E+00  0.000E+00  0.000E+00  0.000E+00  0.000E+00  0.000E+00  0.000E+00  0.000E+00
  0.000E+00  0.000E+00  0.000E+00  0.000E+00  0.000E+00  0.000E+00  0.000E+00  0.000E+00  0.000E+00  0.000E+00
  0.000E+00  0.000E+00  0.000E+00  0.000E+00  0.000E+00  0.000E+00  0.000E+00  0.000E+00  0.000E+00  0.000E+00
  0.000E+00  0.000E+00  0.000E+00  0.000E+00  0.000E+00  0.000E+00  0.000E+00  0.000E+00  0.000E+00  0.000E+00
  0.000E+00  0.000E+00  0.000E+00  0.000E+00  0.000E+00  0.000E+00  0.000E+00  0.000E+00  0.000E+00  0.000E+00
  0.000E+00  0.000E+00  0.000E+00  0.000E+00  0.000E+00  0.000E+00  0.000E+00  0.000E+00  0.000E+00  0.000E+00
  0.000E+00  0.000E+00  0.000E+00  0.000E+00  0.000E+00  0.000E+00  0.000E+00  0.000E+00  0.000E+00  0.000E+00
  0.000E+00  0.000E+00  0.000E+00  0.000E+00  0.000E+00  0.000E+00  0.000E+00  0.000E+00  0.000E+00  0.000E+00
  0.000E+00  0.000E+00  0.000E+00  0.000E+00  0.000E+00  0.000E+00  0.000E+00  0.000E+00  0.000E+00  0.000E+00
  0.000E+00  0.000E+00  0.000E+00  0.000E+00  0.000E+00  0.000E+00  0.000E+00  0.000E+00  0.000E+00  0.000E+00
  0.000E+00  0.000E+00  0.000E+00  0.000E+00  0.000E+00  0.000E+00  0.000E+00  0.000E+00  0.000E+00  0.000E+00